2 0.166992 0.492839 0.117188 0.071615
6 0.166992 0.493490 0.052734 0.020833
0 0.333008 0.499349 0.117188 0.071615
6 0.333008 0.500000 0.044922 0.020833
5 0.250000 0.498698 0.052734 0.028646
0 0.499023 0.488932 0.117188 0.071615
6 0.499023 0.489583 0.029297 0.020833
5 0.416016 0.490234 0.052734 0.032552
0 0.665039 0.481120 0.117188 0.071615
6 0.665039 0.481771 0.044922 0.020833
5 0.582031 0.484375 0.052734 0.033854
1 0.831055 0.516276 0.117188 0.071615
6 0.831055 0.516927 0.041016 0.020833
5 0.748047 0.498047 0.052734 0.048177
4 0.499023 0.488932 0.810547 0.165365
6 0.128418 0.423828 0.096680 0.024740
