2 0.156250 0.489167 0.150000 0.091667
6 0.156250 0.490000 0.067500 0.026667
0 0.327500 0.489167 0.150000 0.091667
6 0.327500 0.490000 0.057500 0.026667
5 0.241250 0.481667 0.027500 0.036667
0 0.498750 0.485833 0.150000 0.091667
6 0.499375 0.486667 0.058750 0.026667
5 0.410000 0.473333 0.032500 0.046667
0 0.670000 0.484167 0.150000 0.091667
6 0.670000 0.485000 0.037500 0.026667
5 0.583750 0.482500 0.027500 0.038333
1 0.841250 0.492500 0.150000 0.091667
6 0.841250 0.493333 0.052500 0.026667
5 0.755625 0.490833 0.026250 0.031667
4 0.498750 0.475833 0.872500 0.175000
6 0.106250 0.410833 0.062500 0.031667
