4 0.500000 0.500000 0.880859 0.841146
6 0.099121 0.100911 0.094727 0.024740
3 0.500000 0.175130 0.126953 0.058594
6 0.500000 0.177083 0.044922 0.023438
0 0.272461 0.382812 0.107422 0.065104
6 0.272461 0.384115 0.066406 0.020833
0 0.499023 0.382812 0.107422 0.065104
6 0.499023 0.384115 0.048828 0.020833
0 0.725586 0.382812 0.107422 0.065104
6 0.726074 0.384115 0.047852 0.020833
5 0.386230 0.279297 0.237305 0.154948
5 0.497559 0.277344 0.032227 0.151042
5 0.612793 0.277344 0.235352 0.151042
5 0.385742 0.380859 0.121094 0.022135
5 0.612305 0.380859 0.121094 0.037760
1 0.500000 0.597005 0.117188 0.071615
6 0.500000 0.598307 0.056641 0.024740
5 0.386230 0.488932 0.237305 0.152344
5 0.499512 0.488281 0.020508 0.151042
5 0.612793 0.488932 0.235352 0.152344
2 0.856445 0.590495 0.078125 0.058594
6 0.856934 0.591146 0.053711 0.020833
