4 0.500000 0.500000 0.840625 0.787500
6 0.142187 0.142708 0.096875 0.043750
3 0.500000 0.277083 0.234375 0.104167
6 0.500781 0.280208 0.151562 0.039583
0 0.345313 0.445833 0.187500 0.112500
6 0.345313 0.450000 0.084375 0.037500
0 0.654687 0.445833 0.187500 0.112500
6 0.654687 0.450000 0.106250 0.037500
1 0.500000 0.637500 0.203125 0.125000
6 0.500781 0.640625 0.095312 0.039583
5 0.422656 0.360417 0.170313 0.070833
5 0.577344 0.361458 0.170313 0.072917
5 0.422656 0.541667 0.170313 0.087500
5 0.577344 0.541667 0.170313 0.087500
2 0.792188 0.627083 0.140625 0.104167
6 0.792969 0.631250 0.076563 0.037500
5 0.732031 0.536458 0.057813 0.202083
