2 0.178125 0.516406 0.187500 0.085938
6 0.178125 0.517188 0.084375 0.025000
0 0.390625 0.510156 0.187500 0.085938
6 0.390625 0.510938 0.056250 0.025000
5 0.287500 0.515625 0.037500 0.028125
0 0.603125 0.510156 0.187500 0.085938
6 0.603125 0.510938 0.071875 0.025000
5 0.492969 0.506250 0.039062 0.034375
1 0.815625 0.485156 0.187500 0.085938
6 0.815625 0.485938 0.075000 0.025000
5 0.710156 0.496875 0.032813 0.040625
2 0.784375 0.624219 0.125000 0.070312
6 0.784375 0.625000 0.059375 0.025000
5 0.693750 0.570312 0.196875 0.062500
