4 0.500000 0.500000 0.880859 0.841146
6 0.098633 0.100911 0.054688 0.024740
3 0.500000 0.175130 0.126953 0.058594
6 0.500000 0.177083 0.019531 0.023438
0 0.272461 0.382812 0.107422 0.065104
6 0.272461 0.384115 0.046875 0.020833
0 0.499023 0.382812 0.107422 0.065104
6 0.499023 0.384115 0.048828 0.020833
0 0.725586 0.382812 0.107422 0.065104
6 0.725586 0.384115 0.058594 0.020833
5 0.386230 0.277995 0.237305 0.152344
5 0.497559 0.277344 0.020508 0.151042
5 0.612793 0.277995 0.235352 0.152344
5 0.385742 0.380859 0.121094 0.024740
5 0.612305 0.382161 0.121094 0.024740
1 0.500000 0.597005 0.117188 0.071615
6 0.500488 0.598307 0.045898 0.024740
5 0.386230 0.488932 0.237305 0.152344
5 0.500000 0.488281 0.029297 0.151042
5 0.612793 0.488281 0.235352 0.151042
2 0.856445 0.590495 0.078125 0.058594
6 0.856934 0.591146 0.053711 0.020833
