3 0.500000 0.146875 0.203125 0.093750
6 0.500781 0.150000 0.079687 0.037500
0 0.235937 0.412500 0.171875 0.104167
6 0.236719 0.414583 0.082812 0.033333
0 0.498437 0.412500 0.171875 0.104167
6 0.498437 0.414583 0.106250 0.033333
0 0.760938 0.412500 0.171875 0.104167
6 0.761719 0.414583 0.076563 0.033333
5 0.367969 0.281250 0.279687 0.183333
5 0.499219 0.277083 0.039062 0.175000
5 0.630469 0.279167 0.276562 0.179167
5 0.367188 0.409375 0.093750 0.047917
5 0.629687 0.410417 0.093750 0.054167
1 0.500000 0.688542 0.187500 0.114583
6 0.500781 0.690625 0.095312 0.039583
5 0.367969 0.550000 0.279687 0.179167
5 0.496094 0.547917 0.045312 0.175000
5 0.630469 0.550000 0.276562 0.179167
