2 0.153125 0.514844 0.159375 0.085938
6 0.153125 0.515625 0.103125 0.025000
0 0.326562 0.503906 0.159375 0.085938
6 0.327344 0.504687 0.073438 0.025000
5 0.235156 0.510156 0.029687 0.029687
0 0.500000 0.505469 0.159375 0.085938
6 0.500000 0.506250 0.059375 0.025000
5 0.402344 0.490625 0.042188 0.043750
0 0.673438 0.494531 0.159375 0.085938
6 0.673438 0.495312 0.062500 0.025000
5 0.580469 0.492969 0.032813 0.039062
1 0.846875 0.480469 0.159375 0.085938
6 0.846875 0.481250 0.078125 0.025000
5 0.753125 0.488281 0.034375 0.032813
4 0.500000 0.485938 0.900000 0.190625
6 0.105469 0.411719 0.145313 0.029687
