4 0.500000 0.500000 0.840000 0.786667
6 0.130000 0.135833 0.107500 0.035000
3 0.500000 0.256667 0.187500 0.083333
6 0.500000 0.259167 0.072500 0.031667
0 0.277500 0.425833 0.150000 0.091667
6 0.277500 0.428333 0.085000 0.030000
0 0.500000 0.425833 0.150000 0.091667
6 0.500000 0.428333 0.065000 0.030000
0 0.722500 0.425833 0.150000 0.091667
6 0.722500 0.428333 0.065000 0.030000
1 0.500000 0.611667 0.162500 0.100000
6 0.500000 0.614167 0.072500 0.031667
5 0.388750 0.343333 0.235000 0.096667
5 0.498750 0.339167 0.030000 0.088333
5 0.611250 0.342500 0.235000 0.095000
5 0.388750 0.518333 0.235000 0.100000
5 0.500000 0.516667 0.032500 0.096667
5 0.611250 0.520833 0.235000 0.105000
