2 0.153125 0.521094 0.159375 0.085938
6 0.153125 0.521875 0.084375 0.025000
0 0.326562 0.480469 0.159375 0.085938
6 0.327344 0.481250 0.039062 0.025000
5 0.247656 0.500000 0.035937 0.056250
0 0.500000 0.496094 0.159375 0.085938
6 0.500000 0.496875 0.046875 0.025000
5 0.405469 0.484375 0.039062 0.037500
0 0.673438 0.485156 0.159375 0.085938
6 0.674219 0.485938 0.085938 0.025000
5 0.577344 0.491406 0.039062 0.042188
1 0.846875 0.505469 0.159375 0.085938
6 0.846875 0.506250 0.078125 0.025000
5 0.762500 0.494531 0.034375 0.035937
