4 0.500000 0.500000 0.881250 0.841667
6 0.122656 0.113542 0.048438 0.039583
3 0.500000 0.201042 0.203125 0.093750
6 0.500000 0.204167 0.106250 0.037500
0 0.256250 0.445833 0.171875 0.104167
6 0.257031 0.447917 0.082812 0.033333
0 0.498437 0.445833 0.171875 0.104167
6 0.498437 0.447917 0.093750 0.033333
0 0.740625 0.445833 0.171875 0.104167
6 0.740625 0.447917 0.078125 0.033333
5 0.378125 0.323958 0.259375 0.160417
5 0.500781 0.320833 0.045312 0.154167
5 0.620313 0.322917 0.256250 0.158333
5 0.377344 0.442708 0.073438 0.052083
5 0.619531 0.436458 0.073438 0.060417
1 0.500000 0.701042 0.187500 0.114583
6 0.500000 0.703125 0.090625 0.039583
5 0.378125 0.573958 0.259375 0.160417
5 0.496094 0.570833 0.048438 0.154167
5 0.620313 0.571875 0.256250 0.156250
2 0.832812 0.690625 0.118750 0.093750
6 0.833594 0.691667 0.092188 0.033333
