2 0.156250 0.487500 0.150000 0.091667
6 0.156875 0.488333 0.053750 0.026667
0 0.327500 0.492500 0.150000 0.091667
6 0.327500 0.493333 0.050000 0.026667
5 0.240625 0.480833 0.028750 0.038333
0 0.498750 0.489167 0.150000 0.091667
6 0.498750 0.490000 0.045000 0.026667
5 0.409375 0.502500 0.033750 0.045000
0 0.670000 0.524167 0.150000 0.091667
6 0.670000 0.525000 0.057500 0.026667
5 0.584375 0.505833 0.026250 0.051667
1 0.841250 0.485833 0.150000 0.091667
6 0.841250 0.486667 0.072500 0.026667
5 0.758125 0.504167 0.031250 0.055000
2 0.816250 0.632500 0.100000 0.075000
6 0.816250 0.633333 0.047500 0.026667
5 0.743125 0.572500 0.158750 0.061667
