4 0.500000 0.500000 0.881250 0.881250
6 0.122656 0.085156 0.151562 0.029687
3 0.500000 0.150781 0.203125 0.070312
6 0.500000 0.153125 0.071875 0.028125
0 0.256250 0.384375 0.171875 0.078125
6 0.257031 0.385937 0.082812 0.025000
0 0.498437 0.384375 0.171875 0.078125
6 0.499219 0.385937 0.076563 0.025000
0 0.740625 0.384375 0.171875 0.078125
6 0.740625 0.385937 0.075000 0.025000
5 0.378125 0.265625 0.259375 0.165625
5 0.497656 0.265625 0.045312 0.165625
5 0.620313 0.265625 0.256250 0.165625
5 0.377344 0.385156 0.073438 0.039062
5 0.619531 0.387500 0.073438 0.037500
1 0.500000 0.625781 0.187500 0.085938
6 0.500000 0.627344 0.090625 0.029687
5 0.378125 0.503125 0.259375 0.165625
5 0.620313 0.503125 0.256250 0.165625
