3 0.500000 0.121745 0.126953 0.058594
6 0.500488 0.123698 0.049805 0.023438
0 0.203125 0.351562 0.107422 0.065104
6 0.203125 0.352865 0.066406 0.020833
0 0.400391 0.351562 0.107422 0.065104
6 0.400391 0.352865 0.058594 0.020833
0 0.597656 0.351562 0.107422 0.065104
6 0.597656 0.352865 0.046875 0.020833
0 0.794922 0.351562 0.107422 0.065104
6 0.794922 0.352865 0.048828 0.020833
5 0.351562 0.235677 0.306641 0.174479
5 0.450195 0.235026 0.109375 0.173177
5 0.548828 0.235026 0.107422 0.173177
5 0.647461 0.236979 0.304688 0.177083
5 0.301758 0.350911 0.091797 0.024740
5 0.499023 0.349609 0.091797 0.024740
5 0.499023 0.350911 0.486328 0.032552
1 0.500000 0.587891 0.117188 0.071615
6 0.500000 0.589193 0.056641 0.024740
5 0.351562 0.468750 0.306641 0.174479
5 0.450195 0.468099 0.109375 0.173177
5 0.647461 0.468750 0.304688 0.174479
