2 0.153125 0.499219 0.159375 0.085938
6 0.153125 0.500000 0.059375 0.025000
0 0.326562 0.483594 0.159375 0.085938
6 0.326562 0.484375 0.059375 0.025000
5 0.235156 0.493750 0.042188 0.037500
0 0.500000 0.491406 0.159375 0.085938
6 0.500000 0.492188 0.046875 0.025000
5 0.405469 0.483594 0.035937 0.032813
0 0.673438 0.497656 0.159375 0.085938
6 0.674219 0.498437 0.073438 0.025000
5 0.582031 0.496094 0.029687 0.029687
1 0.846875 0.499219 0.159375 0.085938
6 0.846875 0.500000 0.078125 0.025000
5 0.771094 0.485156 0.042188 0.042188
4 0.500000 0.479687 0.900000 0.171875
6 0.104688 0.414844 0.087500 0.029687
