2 0.200195 0.495443 0.117188 0.071615
6 0.200195 0.496094 0.052734 0.020833
0 0.399414 0.516276 0.117188 0.071615
6 0.399414 0.516927 0.056641 0.020833
5 0.299805 0.509115 0.085938 0.041667
0 0.598633 0.509766 0.117188 0.071615
6 0.599121 0.510417 0.045898 0.020833
5 0.499023 0.509766 0.085938 0.027344
1 0.797852 0.500651 0.117188 0.071615
6 0.798340 0.501302 0.043945 0.020833
5 0.698242 0.503255 0.085938 0.029948
2 0.778320 0.603516 0.078125 0.058594
6 0.778320 0.604167 0.037109 0.020833
5 0.688477 0.558594 0.189453 0.052083
