4 0.500000 0.500000 0.881250 0.881250
6 0.122656 0.085156 0.120313 0.029687
3 0.500000 0.150781 0.203125 0.070312
6 0.500781 0.153125 0.079687 0.028125
0 0.210938 0.384375 0.159375 0.078125
6 0.210938 0.385937 0.106250 0.025000
0 0.401562 0.384375 0.159375 0.078125
6 0.401562 0.385937 0.065625 0.025000
0 0.592187 0.384375 0.159375 0.078125
6 0.592187 0.385937 0.075000 0.025000
0 0.782813 0.384375 0.159375 0.078125
6 0.782813 0.385937 0.078125 0.025000
5 0.355469 0.265625 0.304688 0.165625
5 0.450781 0.265625 0.114062 0.165625
5 0.546094 0.265625 0.107813 0.165625
5 0.641406 0.265625 0.298438 0.165625
5 0.305469 0.379688 0.035937 0.040625
5 0.496875 0.385937 0.034375 0.040625
5 0.496875 0.383594 0.415625 0.029687
1 0.500000 0.625781 0.187500 0.085938
6 0.500000 0.627344 0.050000 0.029687
5 0.450781 0.503125 0.114062 0.165625
5 0.543750 0.503125 0.112500 0.165625
2 0.832812 0.617969 0.118750 0.070312
6 0.833594 0.618750 0.085938 0.025000
