2 0.190000 0.505833 0.150000 0.091667
6 0.190625 0.506667 0.023750 0.026667
0 0.395000 0.480833 0.150000 0.091667
6 0.395000 0.481667 0.057500 0.026667
5 0.292500 0.492500 0.060000 0.041667
0 0.600000 0.475833 0.150000 0.091667
6 0.600000 0.476667 0.037500 0.026667
5 0.497500 0.475833 0.060000 0.035000
1 0.805000 0.487500 0.150000 0.091667
6 0.805625 0.488333 0.056250 0.026667
5 0.702500 0.480000 0.060000 0.040000
2 0.780000 0.632500 0.100000 0.075000
6 0.780000 0.633333 0.047500 0.026667
5 0.690000 0.575833 0.192500 0.068333
