2 0.153125 0.514844 0.159375 0.085938
6 0.153906 0.515625 0.085938 0.025000
0 0.326562 0.496094 0.159375 0.085938
6 0.327344 0.496875 0.085938 0.025000
5 0.231250 0.506250 0.037500 0.037500
0 0.500000 0.510156 0.159375 0.085938
6 0.500781 0.510938 0.039062 0.025000
5 0.403906 0.497656 0.039062 0.039062
0 0.673438 0.507031 0.159375 0.085938
6 0.674219 0.507812 0.073438 0.025000
5 0.579688 0.496094 0.037500 0.042188
1 0.846875 0.522656 0.159375 0.085938
6 0.847656 0.523438 0.070312 0.025000
5 0.761719 0.513281 0.035937 0.032813
