2 0.166992 0.503255 0.117188 0.071615
6 0.167480 0.503906 0.057617 0.020833
0 0.333008 0.492839 0.117188 0.071615
6 0.333008 0.493490 0.037109 0.020833
5 0.250000 0.492188 0.052734 0.033854
0 0.499023 0.517578 0.117188 0.071615
6 0.499512 0.518229 0.024414 0.020833
5 0.416016 0.505208 0.052734 0.039062
0 0.665039 0.505859 0.117188 0.071615
6 0.665039 0.506510 0.044922 0.020833
5 0.582031 0.507161 0.052734 0.032552
1 0.831055 0.503255 0.117188 0.071615
6 0.831055 0.503906 0.046875 0.020833
5 0.748047 0.505208 0.052734 0.031250
2 0.811523 0.603516 0.078125 0.058594
6 0.811523 0.604167 0.037109 0.020833
5 0.738281 0.557292 0.156250 0.049479
