4 0.500000 0.500000 0.840000 0.786667
6 0.130000 0.135833 0.137500 0.035000
3 0.500000 0.256667 0.187500 0.083333
6 0.500000 0.259167 0.037500 0.031667
0 0.351250 0.425833 0.150000 0.091667
6 0.351875 0.428333 0.078750 0.030000
0 0.647500 0.425833 0.150000 0.091667
6 0.647500 0.428333 0.065000 0.030000
1 0.500000 0.611667 0.162500 0.100000
6 0.500625 0.614167 0.058750 0.031667
5 0.425625 0.343333 0.161250 0.096667
5 0.573750 0.341667 0.160000 0.093333
5 0.425625 0.517500 0.161250 0.098333
5 0.573750 0.517500 0.160000 0.098333
