2 0.190000 0.524167 0.150000 0.091667
6 0.190000 0.525000 0.047500 0.026667
0 0.395000 0.515833 0.150000 0.091667
6 0.395000 0.516667 0.060000 0.026667
5 0.292500 0.513333 0.060000 0.040000
0 0.600000 0.484167 0.150000 0.091667
6 0.600000 0.485000 0.072500 0.026667
5 0.497500 0.496667 0.060000 0.053333
1 0.805000 0.495833 0.150000 0.091667
6 0.805000 0.496667 0.060000 0.026667
5 0.702500 0.492500 0.060000 0.035000
2 0.780000 0.632500 0.100000 0.075000
6 0.780000 0.633333 0.047500 0.026667
5 0.690000 0.573333 0.192500 0.063333
4 0.497500 0.541667 0.802500 0.306667
6 0.140625 0.410833 0.123750 0.031667
