2 0.200195 0.496745 0.117188 0.071615
6 0.200684 0.497396 0.053711 0.020833
0 0.399414 0.516276 0.117188 0.071615
6 0.399902 0.516927 0.045898 0.020833
5 0.299805 0.507812 0.085938 0.036458
0 0.598633 0.520182 0.117188 0.071615
6 0.598633 0.520833 0.046875 0.020833
5 0.499023 0.520182 0.085938 0.037760
1 0.797852 0.517578 0.117188 0.071615
6 0.798340 0.518229 0.043945 0.020833
5 0.698242 0.516927 0.085938 0.041667
2 0.778320 0.603516 0.078125 0.058594
6 0.778320 0.604167 0.037109 0.020833
5 0.688477 0.557943 0.189453 0.050781
