4 0.500000 0.500000 0.881250 0.841667
6 0.121875 0.113542 0.078125 0.039583
3 0.500000 0.201042 0.203125 0.093750
6 0.500781 0.204167 0.042188 0.037500
0 0.337500 0.445833 0.171875 0.104167
6 0.337500 0.447917 0.106250 0.033333
0 0.660937 0.445833 0.171875 0.104167
6 0.661719 0.447917 0.076563 0.033333
5 0.418750 0.322917 0.178125 0.158333
5 0.580469 0.320833 0.176563 0.154167
5 0.499219 0.443750 0.154688 0.037500
1 0.500000 0.701042 0.187500 0.114583
6 0.500000 0.703125 0.084375 0.039583
5 0.418750 0.571875 0.178125 0.156250
5 0.580469 0.572917 0.176563 0.158333
