2 0.178125 0.494531 0.187500 0.085938
6 0.178125 0.495312 0.059375 0.025000
0 0.390625 0.505469 0.187500 0.085938
6 0.390625 0.506250 0.062500 0.025000
5 0.278906 0.506250 0.042188 0.040625
0 0.603125 0.499219 0.187500 0.085938
6 0.603906 0.500000 0.092188 0.025000
5 0.492969 0.491406 0.039062 0.042188
1 0.815625 0.486719 0.187500 0.085938
6 0.816406 0.487500 0.057813 0.025000
5 0.709375 0.492969 0.031250 0.029687
2 0.784375 0.624219 0.125000 0.070312
6 0.784375 0.625000 0.059375 0.025000
5 0.693750 0.571094 0.196875 0.064062
4 0.496875 0.539844 0.871875 0.285938
6 0.116406 0.417969 0.048438 0.029687
