3 0.500000 0.110156 0.203125 0.070312
6 0.500781 0.112500 0.042188 0.028125
0 0.182812 0.359375 0.171875 0.078125
6 0.182812 0.360938 0.078125 0.025000
0 0.392188 0.359375 0.171875 0.078125
6 0.392188 0.360938 0.106250 0.025000
0 0.601562 0.359375 0.171875 0.078125
6 0.602344 0.360938 0.082812 0.025000
0 0.810937 0.359375 0.171875 0.078125
6 0.810937 0.360938 0.065625 0.025000
5 0.341406 0.233594 0.332813 0.182812
5 0.446094 0.232813 0.123438 0.181250
5 0.550781 0.232813 0.117188 0.181250
5 0.655469 0.232813 0.326562 0.181250
5 0.287500 0.363281 0.040625 0.026562
5 0.496875 0.367188 0.040625 0.034375
5 0.496875 0.358594 0.459375 0.029687
1 0.500000 0.616406 0.187500 0.085938
6 0.500000 0.617969 0.121875 0.029687
5 0.341406 0.488281 0.332813 0.185938
5 0.446094 0.485938 0.123438 0.181250
5 0.550000 0.485938 0.118750 0.181250
5 0.655469 0.487500 0.326562 0.184375
