4 0.500000 0.500000 0.881250 0.841667
6 0.122656 0.113542 0.120313 0.039583
3 0.500000 0.201042 0.203125 0.093750
6 0.500000 0.204167 0.084375 0.037500
0 0.256250 0.445833 0.171875 0.104167
6 0.256250 0.447917 0.106250 0.033333
0 0.498437 0.445833 0.171875 0.104167
6 0.498437 0.447917 0.078125 0.033333
0 0.740625 0.445833 0.171875 0.104167
6 0.741406 0.447917 0.082812 0.033333
5 0.378125 0.323958 0.259375 0.160417
5 0.496094 0.320833 0.048438 0.154167
5 0.620313 0.321875 0.256250 0.156250
5 0.377344 0.443750 0.073438 0.054167
5 0.619531 0.453125 0.073438 0.043750
1 0.500000 0.701042 0.187500 0.114583
6 0.500000 0.703125 0.084375 0.039583
5 0.378125 0.572917 0.259375 0.158333
5 0.495312 0.570833 0.034375 0.154167
5 0.620313 0.573958 0.256250 0.160417
