2 0.190000 0.524167 0.150000 0.091667
6 0.190000 0.525000 0.047500 0.026667
0 0.395000 0.524167 0.150000 0.091667
6 0.395625 0.525000 0.058750 0.026667
5 0.292500 0.518333 0.060000 0.040000
0 0.600000 0.494167 0.150000 0.091667
6 0.600000 0.495000 0.045000 0.026667
5 0.497500 0.504167 0.060000 0.055000
1 0.805000 0.482500 0.150000 0.091667
6 0.805000 0.483333 0.072500 0.026667
5 0.702500 0.485833 0.060000 0.045000
2 0.780000 0.632500 0.100000 0.075000
6 0.780000 0.633333 0.047500 0.026667
5 0.690000 0.572500 0.192500 0.061667
4 0.497500 0.540833 0.802500 0.308333
6 0.140625 0.409167 0.038750 0.031667
