2 0.200195 0.516276 0.117188 0.071615
6 0.200684 0.516927 0.041992 0.020833
0 0.399414 0.513672 0.117188 0.071615
6 0.399414 0.514323 0.044922 0.020833
5 0.299805 0.511719 0.085938 0.041667
0 0.598633 0.491536 0.117188 0.071615
6 0.598633 0.492188 0.044922 0.020833
5 0.499023 0.500000 0.085938 0.039062
1 0.797852 0.501953 0.117188 0.071615
6 0.798340 0.502604 0.043945 0.020833
5 0.698242 0.498698 0.085938 0.033854
2 0.778320 0.603516 0.078125 0.058594
6 0.778320 0.604167 0.037109 0.020833
5 0.688477 0.559245 0.189453 0.053385
