2 0.178125 0.494792 0.187500 0.114583
6 0.178906 0.495833 0.029687 0.033333
0 0.390625 0.513542 0.187500 0.114583
6 0.390625 0.514583 0.056250 0.033333
5 0.282813 0.501042 0.034375 0.047917
0 0.603125 0.509375 0.187500 0.114583
6 0.603125 0.510417 0.062500 0.033333
5 0.495312 0.519792 0.034375 0.043750
1 0.815625 0.507292 0.187500 0.114583
6 0.815625 0.508333 0.075000 0.033333
5 0.705469 0.520833 0.039062 0.050000
2 0.784375 0.665625 0.125000 0.093750
6 0.784375 0.666667 0.059375 0.033333
5 0.693750 0.592708 0.196875 0.081250
