2 0.200195 0.505859 0.117188 0.071615
6 0.200195 0.506510 0.052734 0.020833
0 0.399414 0.513672 0.117188 0.071615
6 0.399902 0.514323 0.053711 0.020833
5 0.299805 0.512370 0.085938 0.027344
0 0.598633 0.482422 0.117188 0.071615
6 0.598633 0.483073 0.044922 0.020833
5 0.499023 0.495443 0.085938 0.048177
1 0.797852 0.520182 0.117188 0.071615
6 0.797852 0.520833 0.019531 0.020833
5 0.698242 0.503255 0.085938 0.055990
2 0.778320 0.603516 0.078125 0.058594
6 0.778320 0.604167 0.037109 0.020833
5 0.688477 0.557943 0.189453 0.050781
4 0.499023 0.529948 0.744141 0.244792
6 0.161621 0.425130 0.094727 0.024740
