2 0.178125 0.530208 0.187500 0.114583
6 0.178906 0.531250 0.085938 0.033333
0 0.390625 0.496875 0.187500 0.114583
6 0.391406 0.497917 0.085938 0.033333
5 0.280469 0.512500 0.039062 0.054167
0 0.603125 0.511458 0.187500 0.114583
6 0.603125 0.512500 0.090625 0.033333
5 0.492969 0.494792 0.039062 0.052083
1 0.815625 0.496875 0.187500 0.114583
6 0.815625 0.497917 0.031250 0.033333
5 0.703906 0.507292 0.042188 0.056250
2 0.784375 0.665625 0.125000 0.093750
6 0.784375 0.666667 0.059375 0.033333
5 0.693750 0.592708 0.196875 0.081250
