2 0.156250 0.520833 0.150000 0.091667
6 0.156250 0.521667 0.067500 0.026667
0 0.327500 0.497500 0.150000 0.091667
6 0.328125 0.498333 0.031250 0.026667
5 0.241875 0.508333 0.026250 0.040000
0 0.498750 0.499167 0.150000 0.091667
6 0.498750 0.500000 0.072500 0.026667
5 0.413125 0.497500 0.026250 0.038333
0 0.670000 0.479167 0.150000 0.091667
6 0.670625 0.480000 0.031250 0.026667
5 0.581875 0.489167 0.031250 0.041667
1 0.841250 0.487500 0.150000 0.091667
6 0.841250 0.488333 0.072500 0.026667
5 0.755625 0.488333 0.026250 0.036667
4 0.498750 0.487500 0.872500 0.208333
6 0.106875 0.405833 0.096250 0.031667
