4 0.500000 0.500000 0.881250 0.881250
6 0.121875 0.085156 0.087500 0.029687
3 0.500000 0.150781 0.203125 0.070312
6 0.500000 0.153125 0.031250 0.028125
0 0.210938 0.384375 0.159375 0.078125
6 0.211719 0.385937 0.082812 0.025000
0 0.401562 0.384375 0.159375 0.078125
6 0.401562 0.385937 0.075000 0.025000
0 0.592187 0.384375 0.159375 0.078125
6 0.592187 0.385937 0.106250 0.025000
0 0.782813 0.384375 0.159375 0.078125
6 0.782813 0.385937 0.078125 0.025000
5 0.355469 0.265625 0.304688 0.165625
5 0.450781 0.265625 0.114062 0.165625
5 0.546094 0.265625 0.107813 0.165625
5 0.641406 0.266406 0.298438 0.167187
5 0.304688 0.376563 0.037500 0.034375
5 0.496094 0.385937 0.035937 0.040625
1 0.500000 0.625781 0.187500 0.085938
6 0.500781 0.627344 0.101562 0.029687
5 0.355469 0.503125 0.304688 0.165625
5 0.545312 0.503125 0.109375 0.165625
5 0.641406 0.503906 0.298438 0.167187
2 0.832812 0.617969 0.118750 0.070312
6 0.833594 0.618750 0.067187 0.025000
