3 0.500000 0.110156 0.203125 0.070312
6 0.500781 0.112500 0.042188 0.028125
0 0.182812 0.359375 0.171875 0.078125
6 0.182812 0.360938 0.075000 0.025000
0 0.392188 0.359375 0.171875 0.078125
6 0.392188 0.360938 0.093750 0.025000
0 0.601562 0.359375 0.171875 0.078125
6 0.601562 0.360938 0.075000 0.025000
0 0.810937 0.359375 0.171875 0.078125
6 0.811719 0.360938 0.082812 0.025000
5 0.341406 0.234375 0.332813 0.184375
5 0.445312 0.232813 0.125000 0.181250
5 0.550781 0.232813 0.117188 0.181250
5 0.655469 0.233594 0.326562 0.182812
5 0.287500 0.363281 0.040625 0.042188
5 0.496875 0.350781 0.040625 0.029687
5 0.496875 0.359375 0.459375 0.031250
1 0.500000 0.616406 0.187500 0.085938
6 0.500781 0.617969 0.095312 0.029687
5 0.341406 0.486719 0.332813 0.182812
5 0.548438 0.485938 0.121875 0.181250
5 0.655469 0.486719 0.326562 0.182812
