4 0.500000 0.500000 0.841797 0.789062
6 0.118164 0.128255 0.033203 0.027344
3 0.500000 0.236979 0.146484 0.065104
6 0.500000 0.238932 0.021484 0.024740
0 0.356445 0.405599 0.117188 0.071615
6 0.356934 0.407552 0.040039 0.023438
0 0.642578 0.405599 0.117188 0.071615
6 0.643066 0.407552 0.051758 0.023438
1 0.500000 0.587240 0.126953 0.078125
6 0.500000 0.589193 0.023438 0.024740
5 0.428223 0.320312 0.153320 0.106771
5 0.571289 0.319661 0.152344 0.105469
5 0.428223 0.496094 0.153320 0.114583
5 0.571289 0.496745 0.152344 0.115885
2 0.822266 0.580729 0.087891 0.065104
6 0.822266 0.583333 0.066406 0.023438
5 0.740234 0.492839 0.082031 0.188802
