2 0.166992 0.501953 0.117188 0.071615
6 0.166992 0.502604 0.037109 0.020833
0 0.333008 0.520182 0.117188 0.071615
6 0.333008 0.520833 0.035156 0.020833
5 0.250000 0.511068 0.052734 0.032552
0 0.499023 0.504557 0.117188 0.071615
6 0.499023 0.505208 0.046875 0.020833
5 0.416016 0.509115 0.052734 0.033854
0 0.665039 0.512370 0.117188 0.071615
6 0.665039 0.513021 0.046875 0.020833
5 0.582031 0.511719 0.052734 0.028646
1 0.831055 0.495443 0.117188 0.071615
6 0.831055 0.496094 0.048828 0.020833
5 0.748047 0.501953 0.052734 0.032552
4 0.499023 0.498047 0.810547 0.154948
6 0.127930 0.438151 0.048828 0.024740
