2 0.190000 0.517500 0.150000 0.091667
6 0.190625 0.518333 0.053750 0.026667
0 0.395000 0.489167 0.150000 0.091667
6 0.395000 0.490000 0.072500 0.026667
5 0.292500 0.502500 0.060000 0.045000
0 0.600000 0.490833 0.150000 0.091667
6 0.600625 0.491667 0.068750 0.026667
5 0.497500 0.486667 0.060000 0.040000
1 0.805000 0.517500 0.150000 0.091667
6 0.805000 0.518333 0.052500 0.026667
5 0.702500 0.505000 0.060000 0.046667
2 0.780000 0.632500 0.100000 0.075000
6 0.780000 0.633333 0.047500 0.026667
5 0.690000 0.575000 0.192500 0.066667
