4 0.500000 0.500000 0.881250 0.841667
6 0.122656 0.113542 0.151562 0.039583
3 0.500000 0.201042 0.203125 0.093750
6 0.500000 0.204167 0.134375 0.037500
0 0.210938 0.445833 0.159375 0.104167
6 0.211719 0.447917 0.076563 0.033333
0 0.401562 0.445833 0.159375 0.104167
6 0.401562 0.447917 0.093750 0.033333
0 0.592187 0.445833 0.159375 0.104167
6 0.592187 0.447917 0.106250 0.033333
0 0.782813 0.445833 0.159375 0.104167
6 0.782813 0.447917 0.075000 0.033333
5 0.355469 0.326042 0.304688 0.164583
5 0.450781 0.320833 0.114062 0.154167
5 0.546094 0.320833 0.107813 0.154167
5 0.641406 0.321875 0.298438 0.156250
5 0.304688 0.457292 0.037500 0.047917
5 0.496875 0.448958 0.034375 0.056250
1 0.500000 0.701042 0.187500 0.114583
6 0.500781 0.703125 0.073438 0.039583
5 0.355469 0.571875 0.304688 0.156250
5 0.450781 0.570833 0.114062 0.154167
5 0.546094 0.570833 0.107813 0.154167
5 0.641406 0.571875 0.298438 0.156250
