4 0.500000 0.500000 0.881250 0.881250
6 0.122656 0.085156 0.120313 0.029687
3 0.500000 0.150781 0.203125 0.070312
6 0.500781 0.153125 0.079687 0.028125
0 0.256250 0.384375 0.171875 0.078125
6 0.256250 0.385937 0.106250 0.025000
0 0.498437 0.384375 0.171875 0.078125
6 0.498437 0.385937 0.075000 0.025000
0 0.740625 0.384375 0.171875 0.078125
6 0.741406 0.385937 0.082812 0.025000
5 0.378125 0.265625 0.259375 0.165625
5 0.498437 0.265625 0.037500 0.165625
5 0.620313 0.265625 0.256250 0.165625
5 0.377344 0.383594 0.073438 0.039062
5 0.619531 0.390625 0.073438 0.043750
1 0.500000 0.625781 0.187500 0.085938
6 0.500000 0.627344 0.090625 0.029687
5 0.378125 0.503125 0.259375 0.165625
5 0.620313 0.504687 0.256250 0.168750
2 0.832812 0.617969 0.118750 0.070312
6 0.833594 0.618750 0.029687 0.025000
