2 0.153125 0.501042 0.159375 0.114583
6 0.153125 0.502083 0.043750 0.033333
0 0.326562 0.532292 0.159375 0.114583
6 0.326562 0.533333 0.056250 0.033333
5 0.232031 0.515625 0.035937 0.052083
0 0.500000 0.507292 0.159375 0.114583
6 0.500000 0.508333 0.059375 0.033333
5 0.404687 0.518750 0.037500 0.045833
0 0.673438 0.509375 0.159375 0.114583
6 0.674219 0.510417 0.039062 0.033333
5 0.592969 0.496875 0.035937 0.043750
1 0.846875 0.532292 0.159375 0.114583
6 0.847656 0.533333 0.057813 0.033333
5 0.765625 0.519792 0.031250 0.043750
2 0.829688 0.665625 0.125000 0.093750
6 0.829688 0.666667 0.059375 0.033333
5 0.751563 0.591667 0.171875 0.079167
