4 0.500000 0.500000 0.840625 0.840625
6 0.142187 0.107031 0.053125 0.032813
3 0.500000 0.207813 0.234375 0.078125
6 0.500781 0.210156 0.120313 0.029687
0 0.345313 0.397656 0.187500 0.085938
6 0.346094 0.400000 0.098437 0.028125
0 0.654687 0.397656 0.187500 0.085938
6 0.654687 0.400000 0.103125 0.028125
1 0.500000 0.603125 0.203125 0.093750
6 0.500000 0.605469 0.090625 0.029687
5 0.422656 0.301563 0.170313 0.115625
5 0.577344 0.300781 0.170313 0.114062
5 0.422656 0.498437 0.170313 0.121875
5 0.577344 0.498437 0.170313 0.121875
2 0.792188 0.595313 0.140625 0.078125
6 0.792969 0.598437 0.098437 0.028125
5 0.729688 0.496094 0.062500 0.214062
