2 0.153125 0.492969 0.159375 0.085938
6 0.153125 0.493750 0.059375 0.025000
0 0.326562 0.486719 0.159375 0.085938
6 0.326562 0.487500 0.071875 0.025000
5 0.229687 0.496875 0.040625 0.037500
0 0.500000 0.485156 0.159375 0.085938
6 0.500000 0.485938 0.059375 0.025000
5 0.404687 0.488281 0.037500 0.039062
0 0.673438 0.510156 0.159375 0.085938
6 0.673438 0.510938 0.075000 0.025000
5 0.581250 0.496875 0.031250 0.040625
1 0.846875 0.483594 0.159375 0.085938
6 0.847656 0.484375 0.057813 0.025000
5 0.767188 0.496094 0.034375 0.042188
