4 0.500000 0.500000 0.840625 0.840625
6 0.142187 0.107031 0.053125 0.032813
3 0.500000 0.207813 0.234375 0.078125
6 0.500000 0.210156 0.034375 0.029687
0 0.268750 0.397656 0.184375 0.085938
6 0.268750 0.400000 0.106250 0.028125
0 0.500000 0.397656 0.184375 0.085938
6 0.500781 0.400000 0.082812 0.028125
0 0.731250 0.397656 0.184375 0.085938
6 0.732031 0.400000 0.098437 0.028125
1 0.500000 0.603125 0.203125 0.093750
6 0.500781 0.605469 0.101562 0.029687
5 0.384375 0.300781 0.246875 0.114062
5 0.502344 0.300781 0.032813 0.114062
5 0.615625 0.301563 0.246875 0.115625
5 0.384375 0.498437 0.246875 0.121875
5 0.500781 0.498437 0.042188 0.121875
5 0.615625 0.500000 0.246875 0.125000
2 0.792188 0.595313 0.140625 0.078125
6 0.792969 0.598437 0.048438 0.028125
5 0.772656 0.496094 0.126562 0.214062
