3 0.500000 0.134167 0.162500 0.075000
6 0.500000 0.136667 0.067500 0.030000
0 0.245000 0.380000 0.137500 0.083333
6 0.245000 0.381667 0.062500 0.026667
0 0.498750 0.380000 0.137500 0.083333
6 0.498750 0.381667 0.075000 0.026667
0 0.752500 0.380000 0.137500 0.083333
6 0.752500 0.381667 0.085000 0.026667
5 0.372500 0.256667 0.267500 0.176667
5 0.498750 0.255000 0.032500 0.173333
5 0.626250 0.255833 0.265000 0.175000
5 0.371875 0.378333 0.118750 0.043333
5 0.625625 0.380833 0.118750 0.035000
1 0.500000 0.634167 0.150000 0.091667
6 0.500625 0.635833 0.058750 0.031667
5 0.498750 0.505000 0.037500 0.173333
5 0.626250 0.505833 0.265000 0.175000
