2 0.156250 0.514167 0.150000 0.091667
6 0.156875 0.515000 0.053750 0.026667
0 0.327500 0.500833 0.150000 0.091667
6 0.327500 0.501667 0.057500 0.026667
5 0.238125 0.514167 0.033750 0.045000
0 0.498750 0.477500 0.150000 0.091667
6 0.498750 0.478333 0.057500 0.026667
5 0.413125 0.485833 0.026250 0.045000
0 0.670000 0.507500 0.150000 0.091667
6 0.670000 0.508333 0.047500 0.026667
5 0.586875 0.491667 0.031250 0.046667
1 0.841250 0.512500 0.150000 0.091667
6 0.841250 0.513333 0.052500 0.026667
5 0.751875 0.497500 0.033750 0.045000
2 0.816250 0.632500 0.100000 0.075000
6 0.816250 0.633333 0.047500 0.026667
5 0.743125 0.571667 0.158750 0.060000
4 0.498750 0.538333 0.872500 0.313333
6 0.106250 0.404167 0.070000 0.031667
