2 0.190000 0.494167 0.150000 0.091667
6 0.190000 0.495000 0.082500 0.026667
0 0.395000 0.504167 0.150000 0.091667
6 0.395625 0.505000 0.058750 0.026667
5 0.292500 0.499167 0.060000 0.038333
0 0.600000 0.495833 0.150000 0.091667
6 0.600000 0.496667 0.050000 0.026667
5 0.497500 0.499167 0.060000 0.045000
1 0.805000 0.489167 0.150000 0.091667
6 0.805000 0.490000 0.052500 0.026667
5 0.702500 0.497500 0.060000 0.038333
2 0.780000 0.632500 0.100000 0.075000
6 0.780000 0.633333 0.047500 0.026667
5 0.690000 0.574167 0.192500 0.065000
