2 0.156250 0.510833 0.150000 0.091667
6 0.156875 0.511667 0.068750 0.026667
0 0.327500 0.519167 0.150000 0.091667
6 0.328125 0.520000 0.031250 0.026667
5 0.240000 0.521667 0.030000 0.040000
0 0.498750 0.512500 0.150000 0.091667
6 0.499375 0.513333 0.073750 0.026667
5 0.409375 0.518333 0.033750 0.053333
0 0.670000 0.522500 0.150000 0.091667
6 0.670000 0.523333 0.045000 0.026667
5 0.581250 0.525000 0.032500 0.050000
1 0.841250 0.524167 0.150000 0.091667
6 0.841250 0.525000 0.032500 0.026667
5 0.755625 0.522500 0.026250 0.035000
2 0.816250 0.632500 0.100000 0.075000
6 0.816250 0.633333 0.047500 0.026667
5 0.743125 0.572500 0.158750 0.061667
