2 0.156250 0.480833 0.150000 0.091667
6 0.156250 0.481667 0.047500 0.026667
0 0.327500 0.479167 0.150000 0.091667
6 0.327500 0.480000 0.060000 0.026667
5 0.240000 0.472500 0.030000 0.038333
0 0.498750 0.497500 0.150000 0.091667
6 0.499375 0.498333 0.068750 0.026667
5 0.413125 0.490000 0.026250 0.040000
0 0.670000 0.505833 0.150000 0.091667
6 0.670000 0.506667 0.072500 0.026667
5 0.584375 0.502500 0.026250 0.035000
1 0.841250 0.497500 0.150000 0.091667
6 0.841875 0.498333 0.046250 0.026667
5 0.755000 0.498333 0.027500 0.036667
