4 0.500000 0.500000 0.880000 0.840000
6 0.110625 0.107500 0.096250 0.031667
3 0.500000 0.187500 0.162500 0.075000
6 0.500625 0.190000 0.063750 0.030000
0 0.265000 0.413333 0.137500 0.083333
6 0.265000 0.415000 0.075000 0.026667
0 0.498750 0.413333 0.137500 0.083333
6 0.498750 0.415000 0.060000 0.026667
0 0.732500 0.413333 0.137500 0.083333
6 0.733125 0.415000 0.066250 0.026667
5 0.382500 0.300000 0.247500 0.156667
5 0.499375 0.298333 0.028750 0.153333
5 0.616250 0.299167 0.245000 0.155000
5 0.381875 0.415833 0.098750 0.038333
5 0.615625 0.411667 0.098750 0.033333
1 0.500000 0.647500 0.150000 0.091667
6 0.500625 0.649167 0.093750 0.031667
5 0.382500 0.529167 0.247500 0.155000
5 0.616250 0.530000 0.245000 0.156667
