4 0.500000 0.500000 0.880859 0.841146
6 0.099121 0.100911 0.096680 0.024740
3 0.500000 0.175130 0.126953 0.058594
6 0.500000 0.177083 0.044922 0.023438
0 0.348633 0.382812 0.107422 0.065104
6 0.348633 0.384115 0.041016 0.020833
0 0.651367 0.382812 0.107422 0.065104
6 0.651855 0.384115 0.051758 0.020833
5 0.424316 0.277344 0.161133 0.151042
5 0.575684 0.277344 0.161133 0.151042
5 0.500000 0.382812 0.197266 0.031250
1 0.500000 0.597005 0.117188 0.071615
6 0.500000 0.598307 0.056641 0.024740
5 0.424316 0.488281 0.161133 0.151042
5 0.575684 0.488281 0.161133 0.151042
2 0.856445 0.590495 0.078125 0.058594
6 0.856445 0.591146 0.052734 0.020833
