2 0.178125 0.511719 0.187500 0.085938
6 0.178125 0.512500 0.103125 0.025000
0 0.390625 0.517969 0.187500 0.085938
6 0.390625 0.518750 0.071875 0.025000
5 0.282813 0.522656 0.034375 0.039062
0 0.603125 0.489844 0.187500 0.085938
6 0.603125 0.490625 0.059375 0.025000
5 0.499219 0.503125 0.035937 0.043750
1 0.815625 0.503906 0.187500 0.085938
6 0.815625 0.504687 0.078125 0.025000
5 0.706250 0.494531 0.037500 0.035937
2 0.784375 0.624219 0.125000 0.070312
6 0.784375 0.625000 0.059375 0.025000
5 0.693750 0.566406 0.196875 0.054688
