2 0.178125 0.492969 0.187500 0.085938
6 0.178906 0.493750 0.085938 0.025000
0 0.390625 0.482031 0.187500 0.085938
6 0.390625 0.482812 0.090625 0.025000
5 0.288281 0.478125 0.039062 0.043750
0 0.603125 0.519531 0.187500 0.085938
6 0.603125 0.520312 0.071875 0.025000
5 0.499219 0.500000 0.035937 0.053125
1 0.815625 0.494531 0.187500 0.085938
6 0.815625 0.495312 0.093750 0.025000
5 0.710938 0.506250 0.046875 0.040625
2 0.784375 0.624219 0.125000 0.070312
6 0.784375 0.625000 0.059375 0.025000
5 0.693750 0.569531 0.196875 0.060937
4 0.496875 0.537500 0.871875 0.290625
6 0.116406 0.413281 0.120313 0.029687
