2 0.200195 0.511068 0.117188 0.071615
6 0.200684 0.511719 0.053711 0.020833
0 0.399414 0.495443 0.117188 0.071615
6 0.399414 0.496094 0.037109 0.020833
5 0.299805 0.497396 0.085938 0.039062
0 0.598633 0.492839 0.117188 0.071615
6 0.598633 0.493490 0.044922 0.020833
5 0.499023 0.490885 0.085938 0.026042
1 0.797852 0.486328 0.117188 0.071615
6 0.797852 0.486979 0.058594 0.020833
5 0.698242 0.485026 0.085938 0.032552
2 0.778320 0.603516 0.078125 0.058594
6 0.778320 0.604167 0.037109 0.020833
5 0.688477 0.559896 0.189453 0.054688
4 0.499023 0.531901 0.744141 0.240885
6 0.161621 0.429036 0.075195 0.024740
