2 0.190000 0.495833 0.150000 0.091667
6 0.190625 0.496667 0.046250 0.026667
0 0.395000 0.480833 0.150000 0.091667
6 0.395625 0.481667 0.058750 0.026667
5 0.292500 0.481667 0.060000 0.043333
0 0.600000 0.499167 0.150000 0.091667
6 0.600000 0.500000 0.037500 0.026667
5 0.497500 0.495000 0.060000 0.046667
1 0.805000 0.489167 0.150000 0.091667
6 0.805000 0.490000 0.062500 0.026667
5 0.702500 0.490833 0.060000 0.035000
2 0.780000 0.632500 0.100000 0.075000
6 0.780000 0.633333 0.047500 0.026667
5 0.690000 0.573333 0.192500 0.063333
4 0.497500 0.540000 0.802500 0.310000
6 0.140000 0.407500 0.070000 0.031667
