2 0.153125 0.510156 0.159375 0.085938
6 0.153906 0.510938 0.092188 0.025000
0 0.326562 0.511719 0.159375 0.085938
6 0.326562 0.512500 0.075000 0.025000
5 0.233594 0.502344 0.032813 0.032813
0 0.500000 0.478906 0.159375 0.085938
6 0.500781 0.479687 0.039062 0.025000
5 0.405469 0.494531 0.035937 0.048438
0 0.673438 0.482031 0.159375 0.085938
6 0.673438 0.482812 0.090625 0.025000
5 0.578906 0.487500 0.035937 0.034375
1 0.846875 0.488281 0.159375 0.085938
6 0.846875 0.489063 0.075000 0.025000
5 0.753906 0.489063 0.032813 0.031250
2 0.829688 0.624219 0.125000 0.070312
6 0.829688 0.625000 0.059375 0.025000
5 0.751563 0.570312 0.171875 0.062500
