2 0.200195 0.488932 0.117188 0.071615
6 0.200684 0.489583 0.041992 0.020833
0 0.399414 0.512370 0.117188 0.071615
6 0.399414 0.513021 0.044922 0.020833
5 0.299805 0.502604 0.085938 0.041667
0 0.598633 0.481120 0.117188 0.071615
6 0.598633 0.481771 0.039062 0.020833
5 0.499023 0.493490 0.085938 0.049479
1 0.797852 0.517578 0.117188 0.071615
6 0.797852 0.518229 0.025391 0.020833
5 0.698242 0.500000 0.085938 0.052083
2 0.778320 0.603516 0.078125 0.058594
6 0.778320 0.604167 0.037109 0.020833
5 0.688477 0.557943 0.189453 0.050781
