4 0.500000 0.500000 0.841797 0.789062
6 0.118164 0.128255 0.105469 0.027344
3 0.500000 0.236979 0.146484 0.065104
6 0.500488 0.238932 0.094727 0.024740
0 0.285156 0.405599 0.117188 0.071615
6 0.285156 0.407552 0.066406 0.023438
0 0.500000 0.405599 0.117188 0.071615
6 0.500488 0.407552 0.051758 0.023438
0 0.714844 0.405599 0.117188 0.071615
6 0.714844 0.407552 0.027344 0.023438
1 0.500000 0.587240 0.126953 0.078125
6 0.500000 0.589193 0.076172 0.024740
5 0.392578 0.322266 0.224609 0.110677
5 0.500488 0.319661 0.020508 0.105469
5 0.607422 0.321615 0.224609 0.109375
5 0.392578 0.498698 0.224609 0.119792
5 0.499023 0.494792 0.025391 0.111979
5 0.607422 0.496745 0.224609 0.115885
