2 0.166992 0.499349 0.117188 0.071615
6 0.166992 0.500000 0.027344 0.020833
0 0.333008 0.486328 0.117188 0.071615
6 0.333008 0.486979 0.044922 0.020833
5 0.250000 0.487630 0.052734 0.035156
0 0.499023 0.507161 0.117188 0.071615
6 0.499023 0.507812 0.044922 0.020833
5 0.416016 0.498698 0.052734 0.039062
0 0.665039 0.492839 0.117188 0.071615
6 0.665039 0.493490 0.029297 0.020833
5 0.582031 0.495443 0.052734 0.035156
1 0.831055 0.520182 0.117188 0.071615
6 0.831543 0.520833 0.043945 0.020833
5 0.748047 0.505859 0.052734 0.040365
2 0.811523 0.603516 0.078125 0.058594
6 0.811523 0.604167 0.037109 0.020833
5 0.738281 0.559245 0.156250 0.053385
