2 0.156250 0.510833 0.150000 0.091667
6 0.156875 0.511667 0.046250 0.026667
0 0.327500 0.520833 0.150000 0.091667
6 0.327500 0.521667 0.050000 0.026667
5 0.239375 0.507500 0.031250 0.041667
0 0.498750 0.475833 0.150000 0.091667
6 0.498750 0.476667 0.037500 0.026667
5 0.411875 0.497500 0.028750 0.061667
0 0.670000 0.512500 0.150000 0.091667
6 0.670000 0.513333 0.050000 0.026667
5 0.583750 0.493333 0.027500 0.053333
1 0.841250 0.517500 0.150000 0.091667
6 0.841250 0.518333 0.052500 0.026667
5 0.755000 0.520833 0.027500 0.035000
