2 0.153125 0.492708 0.159375 0.114583
6 0.153906 0.493750 0.029687 0.033333
0 0.326562 0.490625 0.159375 0.114583
6 0.327344 0.491667 0.073438 0.033333
5 0.230469 0.475000 0.039062 0.054167
0 0.500000 0.476042 0.159375 0.114583
6 0.500000 0.477083 0.059375 0.033333
5 0.407031 0.490625 0.039062 0.052083
0 0.673438 0.484375 0.159375 0.114583
6 0.673438 0.485417 0.046875 0.033333
5 0.575000 0.493750 0.043750 0.058333
1 0.846875 0.496875 0.159375 0.114583
6 0.846875 0.497917 0.078125 0.033333
5 0.758594 0.479167 0.051562 0.054167
2 0.829688 0.665625 0.125000 0.093750
6 0.829688 0.666667 0.059375 0.033333
5 0.751563 0.590625 0.171875 0.077083
