3 0.500000 0.121745 0.126953 0.058594
6 0.500000 0.123698 0.019531 0.023438
0 0.252930 0.351562 0.107422 0.065104
6 0.252930 0.352865 0.058594 0.020833
0 0.500000 0.351562 0.107422 0.065104
6 0.500000 0.352865 0.066406 0.020833
0 0.747070 0.351562 0.107422 0.065104
6 0.747559 0.352865 0.047852 0.020833
5 0.376465 0.235026 0.256836 0.173177
5 0.499512 0.235026 0.026367 0.173177
5 0.623535 0.235026 0.256836 0.173177
5 0.376465 0.350911 0.141602 0.027344
5 0.623535 0.350260 0.141602 0.026042
1 0.500000 0.587891 0.117188 0.071615
6 0.500488 0.589193 0.059570 0.024740
5 0.500000 0.468099 0.025391 0.173177
