2 0.153125 0.483594 0.159375 0.085938
6 0.153125 0.484375 0.043750 0.025000
0 0.326562 0.489844 0.159375 0.085938
6 0.326562 0.490625 0.071875 0.025000
5 0.231250 0.475781 0.040625 0.042188
0 0.500000 0.519531 0.159375 0.085938
6 0.500781 0.520312 0.092188 0.025000
5 0.410156 0.503906 0.048438 0.045312
0 0.673438 0.502344 0.159375 0.085938
6 0.674219 0.503125 0.085938 0.025000
5 0.595313 0.513281 0.040625 0.039062
1 0.846875 0.486719 0.159375 0.085938
6 0.847656 0.487500 0.057813 0.025000
5 0.755469 0.493750 0.029687 0.031250
2 0.829688 0.624219 0.125000 0.070312
6 0.829688 0.625000 0.059375 0.025000
5 0.751563 0.567969 0.171875 0.057813
