2 0.156250 0.514167 0.150000 0.091667
6 0.156875 0.515000 0.023750 0.026667
0 0.327500 0.510833 0.150000 0.091667
6 0.327500 0.511667 0.060000 0.026667
5 0.240625 0.514167 0.028750 0.035000
0 0.498750 0.492500 0.150000 0.091667
6 0.498750 0.493333 0.047500 0.026667
5 0.413125 0.498333 0.026250 0.040000
0 0.670000 0.515833 0.150000 0.091667
6 0.670000 0.516667 0.045000 0.026667
5 0.580625 0.506667 0.033750 0.046667
1 0.841250 0.490833 0.150000 0.091667
6 0.841250 0.491667 0.072500 0.026667
5 0.751250 0.504167 0.035000 0.045000
4 0.498750 0.490833 0.872500 0.191667
6 0.106250 0.417500 0.062500 0.031667
