4 0.500000 0.500000 0.881250 0.841667
6 0.122656 0.113542 0.151562 0.039583
3 0.500000 0.201042 0.203125 0.093750
6 0.500000 0.204167 0.084375 0.037500
0 0.210938 0.445833 0.159375 0.104167
6 0.210938 0.447917 0.065625 0.033333
0 0.401562 0.445833 0.159375 0.104167
6 0.401562 0.447917 0.075000 0.033333
0 0.592187 0.445833 0.159375 0.104167
6 0.592187 0.447917 0.106250 0.033333
0 0.782813 0.445833 0.159375 0.104167
6 0.783594 0.447917 0.082812 0.033333
5 0.355469 0.321875 0.304688 0.156250
5 0.450781 0.320833 0.114062 0.154167
5 0.546094 0.320833 0.107813 0.154167
5 0.641406 0.322917 0.298438 0.158333
5 0.306250 0.441667 0.034375 0.054167
5 0.496875 0.440625 0.034375 0.043750
1 0.500000 0.701042 0.187500 0.114583
6 0.500781 0.703125 0.117188 0.039583
5 0.450781 0.570833 0.114062 0.154167
5 0.641406 0.575000 0.298438 0.162500
