4 0.500000 0.500000 0.840625 0.787500
6 0.142969 0.142708 0.085938 0.043750
3 0.500000 0.277083 0.234375 0.104167
6 0.500781 0.280208 0.095312 0.039583
0 0.345313 0.445833 0.187500 0.112500
6 0.346094 0.450000 0.067187 0.037500
0 0.654687 0.445833 0.187500 0.112500
6 0.654687 0.450000 0.081250 0.037500
1 0.500000 0.637500 0.203125 0.125000
6 0.500000 0.640625 0.037500 0.039583
5 0.422656 0.363542 0.170313 0.077083
5 0.577344 0.361458 0.170313 0.072917
5 0.422656 0.543750 0.170313 0.091667
5 0.577344 0.541667 0.170313 0.087500
2 0.792188 0.627083 0.140625 0.104167
6 0.792188 0.631250 0.065625 0.037500
5 0.729688 0.536458 0.062500 0.202083
