4 0.500000 0.500000 0.840625 0.840625
6 0.142187 0.107031 0.162500 0.032813
3 0.500000 0.207813 0.234375 0.078125
6 0.500781 0.210156 0.120313 0.029687
0 0.268750 0.397656 0.184375 0.085938
6 0.268750 0.400000 0.106250 0.028125
0 0.500000 0.397656 0.184375 0.085938
6 0.500781 0.400000 0.064062 0.028125
0 0.731250 0.397656 0.184375 0.085938
6 0.731250 0.400000 0.071875 0.028125
1 0.500000 0.603125 0.203125 0.093750
6 0.500781 0.605469 0.095312 0.029687
5 0.384375 0.303125 0.246875 0.118750
5 0.501563 0.300781 0.031250 0.114062
5 0.615625 0.302344 0.246875 0.117188
5 0.384375 0.500781 0.246875 0.126562
5 0.499219 0.498437 0.032813 0.121875
5 0.615625 0.500781 0.246875 0.126562
