2 0.153125 0.480208 0.159375 0.114583
6 0.153906 0.481250 0.029687 0.033333
0 0.326562 0.496875 0.159375 0.114583
6 0.326562 0.497917 0.090625 0.033333
5 0.241406 0.486458 0.039062 0.039583
0 0.500000 0.523958 0.159375 0.114583
6 0.500781 0.525000 0.073438 0.033333
5 0.407813 0.509375 0.031250 0.047917
0 0.673438 0.494792 0.159375 0.114583
6 0.674219 0.495833 0.085938 0.033333
5 0.580469 0.508333 0.039062 0.050000
1 0.846875 0.528125 0.159375 0.114583
6 0.846875 0.529167 0.065625 0.033333
5 0.761719 0.510417 0.035937 0.054167
