2 0.153125 0.501042 0.159375 0.114583
6 0.153906 0.502083 0.029687 0.033333
0 0.326562 0.480208 0.159375 0.114583
6 0.326562 0.481250 0.075000 0.033333
5 0.235156 0.490625 0.029687 0.043750
0 0.500000 0.496875 0.159375 0.114583
6 0.500000 0.497917 0.056250 0.033333
5 0.411719 0.485417 0.029687 0.041667
0 0.673438 0.501042 0.159375 0.114583
6 0.673438 0.502083 0.059375 0.033333
5 0.593750 0.514583 0.050000 0.058333
1 0.846875 0.498958 0.159375 0.114583
6 0.846875 0.500000 0.065625 0.033333
5 0.761719 0.512500 0.045312 0.050000
2 0.829688 0.665625 0.125000 0.093750
6 0.829688 0.666667 0.059375 0.033333
5 0.751563 0.589583 0.171875 0.075000
