2 0.178125 0.509375 0.187500 0.114583
6 0.178125 0.510417 0.084375 0.033333
0 0.390625 0.492708 0.187500 0.114583
6 0.390625 0.493750 0.062500 0.033333
5 0.278906 0.507292 0.042188 0.052083
0 0.603125 0.492708 0.187500 0.114583
6 0.603125 0.493750 0.059375 0.033333
5 0.498437 0.481250 0.034375 0.041667
1 0.815625 0.480208 0.187500 0.114583
6 0.816406 0.481250 0.070312 0.033333
5 0.703125 0.486458 0.043750 0.056250
2 0.784375 0.665625 0.125000 0.093750
6 0.784375 0.666667 0.059375 0.033333
5 0.693750 0.590625 0.196875 0.077083
