4 0.500000 0.500000 0.841797 0.789062
6 0.118652 0.128255 0.053711 0.027344
3 0.500000 0.236979 0.146484 0.065104
6 0.500000 0.238932 0.056641 0.024740
0 0.356445 0.405599 0.117188 0.071615
6 0.356934 0.407552 0.041992 0.023438
0 0.642578 0.405599 0.117188 0.071615
6 0.643066 0.407552 0.051758 0.023438
1 0.500000 0.587240 0.126953 0.078125
6 0.500488 0.589193 0.059570 0.024740
5 0.428223 0.321615 0.153320 0.109375
5 0.571289 0.321615 0.152344 0.109375
5 0.428223 0.494792 0.153320 0.111979
5 0.571289 0.495443 0.152344 0.113281
