2 0.156250 0.477500 0.150000 0.091667
6 0.156875 0.478333 0.046250 0.026667
0 0.327500 0.504167 0.150000 0.091667
6 0.327500 0.505000 0.057500 0.026667
5 0.242500 0.490000 0.027500 0.043333
0 0.498750 0.480833 0.150000 0.091667
6 0.498750 0.481667 0.045000 0.026667
5 0.413125 0.491667 0.026250 0.040000
0 0.670000 0.492500 0.150000 0.091667
6 0.670000 0.493333 0.057500 0.026667
5 0.581875 0.490833 0.031250 0.045000
1 0.841250 0.524167 0.150000 0.091667
6 0.841250 0.525000 0.062500 0.026667
5 0.751875 0.507500 0.033750 0.048333
