3 0.500000 0.121745 0.126953 0.058594
6 0.500000 0.123698 0.052734 0.023438
0 0.252930 0.351562 0.107422 0.065104
6 0.252930 0.352865 0.048828 0.020833
0 0.500000 0.351562 0.107422 0.065104
6 0.500000 0.352865 0.041016 0.020833
0 0.747070 0.351562 0.107422 0.065104
6 0.747559 0.352865 0.047852 0.020833
5 0.376465 0.235026 0.256836 0.173177
5 0.500000 0.235026 0.019531 0.173177
5 0.623535 0.235677 0.256836 0.174479
5 0.376465 0.351562 0.141602 0.036458
5 0.623535 0.351562 0.141602 0.023438
1 0.500000 0.587891 0.117188 0.071615
6 0.500488 0.589193 0.045898 0.024740
5 0.376465 0.470052 0.256836 0.177083
5 0.499023 0.468099 0.023438 0.173177
5 0.623535 0.468099 0.256836 0.173177
