2 0.153125 0.477344 0.159375 0.085938
6 0.153906 0.478125 0.092188 0.025000
0 0.326562 0.482031 0.159375 0.085938
6 0.327344 0.482812 0.039062 0.025000
5 0.231250 0.467969 0.043750 0.042188
0 0.500000 0.511719 0.159375 0.085938
6 0.500000 0.512500 0.071875 0.025000
5 0.413281 0.496094 0.032813 0.045312
0 0.673438 0.511719 0.159375 0.085938
6 0.673438 0.512500 0.056250 0.025000
5 0.576562 0.523438 0.040625 0.040625
1 0.846875 0.497656 0.159375 0.085938
6 0.846875 0.498437 0.065625 0.025000
5 0.756250 0.498437 0.028125 0.040625
