2 0.166992 0.498047 0.117188 0.071615
6 0.166992 0.498698 0.052734 0.020833
0 0.333008 0.505859 0.117188 0.071615
6 0.333008 0.506510 0.037109 0.020833
5 0.250000 0.499349 0.052734 0.035156
0 0.499023 0.495443 0.117188 0.071615
6 0.499023 0.496094 0.046875 0.020833
5 0.416016 0.499349 0.052734 0.029948
0 0.665039 0.498047 0.117188 0.071615
6 0.665039 0.498698 0.037109 0.020833
5 0.582031 0.498698 0.052734 0.041667
1 0.831055 0.491536 0.117188 0.071615
6 0.831055 0.492188 0.019531 0.020833
5 0.748047 0.492839 0.052734 0.029948
