3 0.500000 0.121745 0.126953 0.058594
6 0.500000 0.123698 0.019531 0.023438
0 0.203125 0.351562 0.107422 0.065104
6 0.203613 0.352865 0.051758 0.020833
0 0.400391 0.351562 0.107422 0.065104
6 0.400391 0.352865 0.058594 0.020833
0 0.597656 0.351562 0.107422 0.065104
6 0.597656 0.352865 0.046875 0.020833
0 0.794922 0.351562 0.107422 0.065104
6 0.794922 0.352865 0.041016 0.020833
5 0.351562 0.236328 0.306641 0.175781
5 0.450195 0.235026 0.109375 0.173177
5 0.548828 0.235026 0.107422 0.173177
5 0.647461 0.235677 0.304688 0.174479
5 0.301758 0.348958 0.091797 0.031250
5 0.499023 0.351562 0.091797 0.028646
1 0.500000 0.587891 0.117188 0.071615
6 0.500488 0.589193 0.059570 0.024740
5 0.351562 0.468750 0.306641 0.174479
5 0.548828 0.468099 0.107422 0.173177
5 0.647461 0.469401 0.304688 0.175781
