4 0.500000 0.500000 0.880859 0.841146
6 0.099121 0.100911 0.030273 0.024740
3 0.500000 0.175130 0.126953 0.058594
6 0.500488 0.177083 0.049805 0.023438
0 0.227539 0.382812 0.107422 0.065104
6 0.227539 0.384115 0.046875 0.020833
0 0.409180 0.382812 0.107422 0.065104
6 0.409180 0.384115 0.046875 0.020833
0 0.590820 0.382812 0.107422 0.065104
6 0.590820 0.384115 0.058594 0.020833
0 0.772461 0.382812 0.107422 0.065104
6 0.772461 0.384115 0.066406 0.020833
5 0.363770 0.277995 0.282227 0.152344
5 0.454590 0.277344 0.100586 0.151042
5 0.545410 0.277344 0.100586 0.151042
5 0.636230 0.278646 0.282227 0.153646
5 0.318359 0.384115 0.076172 0.026042
5 0.500000 0.381510 0.076172 0.023438
1 0.500000 0.597005 0.117188 0.071615
6 0.500000 0.598307 0.056641 0.024740
5 0.363770 0.490234 0.282227 0.154948
5 0.454590 0.488281 0.100586 0.151042
5 0.545410 0.488281 0.100586 0.151042
2 0.856445 0.590495 0.078125 0.058594
6 0.856445 0.591146 0.037109 0.020833
