4 0.500000 0.500000 0.840625 0.787500
6 0.142187 0.142708 0.096875 0.043750
3 0.500000 0.277083 0.234375 0.104167
6 0.500781 0.280208 0.120313 0.039583
0 0.268750 0.445833 0.184375 0.112500
6 0.269531 0.450000 0.082812 0.037500
0 0.500000 0.445833 0.184375 0.112500
6 0.500781 0.450000 0.067187 0.037500
0 0.731250 0.445833 0.184375 0.112500
6 0.732031 0.450000 0.082812 0.037500
1 0.500000 0.637500 0.203125 0.125000
6 0.500781 0.640625 0.117188 0.039583
5 0.384375 0.368750 0.246875 0.087500
5 0.492188 0.359375 0.037500 0.068750
5 0.615625 0.364583 0.246875 0.079167
5 0.384375 0.544792 0.246875 0.093750
5 0.507812 0.538542 0.043750 0.081250
5 0.615625 0.542708 0.246875 0.089583
