4 0.500000 0.500000 0.881250 0.881250
6 0.122656 0.085156 0.151562 0.029687
3 0.500000 0.150781 0.203125 0.070312
6 0.500781 0.153125 0.042188 0.028125
0 0.210938 0.384375 0.159375 0.078125
6 0.210938 0.385937 0.093750 0.025000
0 0.401562 0.384375 0.159375 0.078125
6 0.402344 0.385937 0.076563 0.025000
0 0.592187 0.384375 0.159375 0.078125
6 0.592969 0.385937 0.082812 0.025000
0 0.782813 0.384375 0.159375 0.078125
6 0.782813 0.385937 0.075000 0.025000
5 0.355469 0.267188 0.304688 0.168750
5 0.450000 0.265625 0.115625 0.165625
5 0.546094 0.265625 0.107813 0.165625
5 0.641406 0.266406 0.298438 0.167187
5 0.306250 0.389844 0.034375 0.032813
5 0.496875 0.390625 0.034375 0.031250
1 0.500000 0.625781 0.187500 0.085938
6 0.500781 0.627344 0.117188 0.029687
5 0.450781 0.503125 0.114062 0.165625
2 0.832812 0.617969 0.118750 0.070312
6 0.833594 0.618750 0.057813 0.025000
