3 0.500000 0.121745 0.126953 0.058594
6 0.500000 0.123698 0.066406 0.023438
0 0.252930 0.351562 0.107422 0.065104
6 0.253418 0.352865 0.047852 0.020833
0 0.500000 0.351562 0.107422 0.065104
6 0.500000 0.352865 0.046875 0.020833
0 0.747070 0.351562 0.107422 0.065104
6 0.747070 0.352865 0.058594 0.020833
5 0.376465 0.235026 0.256836 0.173177
5 0.499512 0.235026 0.018555 0.173177
5 0.623535 0.235677 0.256836 0.174479
5 0.376465 0.352214 0.141602 0.037760
5 0.623535 0.350260 0.141602 0.033854
1 0.500000 0.587891 0.117188 0.071615
6 0.500488 0.589193 0.073242 0.024740
5 0.376465 0.469401 0.256836 0.175781
5 0.500488 0.468099 0.026367 0.173177
5 0.623535 0.468750 0.256836 0.174479
2 0.896484 0.581380 0.078125 0.058594
6 0.896484 0.582031 0.027344 0.020833
