2 0.178125 0.499219 0.187500 0.085938
6 0.178906 0.500000 0.057813 0.025000
0 0.390625 0.499219 0.187500 0.085938
6 0.391406 0.500000 0.039062 0.025000
5 0.281250 0.490625 0.037500 0.034375
0 0.603125 0.477344 0.187500 0.085938
6 0.603125 0.478125 0.056250 0.025000
5 0.492188 0.488281 0.040625 0.039062
1 0.815625 0.511719 0.187500 0.085938
6 0.815625 0.512500 0.093750 0.025000
5 0.709375 0.493750 0.031250 0.050000
2 0.784375 0.624219 0.125000 0.070312
6 0.784375 0.625000 0.059375 0.025000
5 0.693750 0.569531 0.196875 0.060937
