4 0.500000 0.500000 0.840000 0.786667
6 0.130625 0.135833 0.068750 0.035000
3 0.500000 0.256667 0.187500 0.083333
6 0.500625 0.259167 0.036250 0.031667
0 0.277500 0.425833 0.150000 0.091667
6 0.277500 0.428333 0.085000 0.030000
0 0.500000 0.425833 0.150000 0.091667
6 0.500000 0.428333 0.057500 0.030000
0 0.722500 0.425833 0.150000 0.091667
6 0.723125 0.428333 0.066250 0.030000
1 0.500000 0.611667 0.162500 0.100000
6 0.500625 0.614167 0.081250 0.031667
5 0.388750 0.341667 0.235000 0.093333
5 0.500000 0.339167 0.032500 0.088333
5 0.611250 0.340833 0.235000 0.091667
5 0.388750 0.520833 0.235000 0.105000
5 0.501250 0.516667 0.027500 0.096667
5 0.611250 0.520000 0.235000 0.103333
