3 0.500000 0.110156 0.203125 0.070312
6 0.500781 0.112500 0.079687 0.028125
0 0.323437 0.359375 0.171875 0.078125
6 0.324219 0.360938 0.076563 0.025000
0 0.673438 0.359375 0.171875 0.078125
6 0.673438 0.360938 0.065625 0.025000
5 0.411719 0.232813 0.192188 0.181250
5 0.586719 0.232813 0.189062 0.181250
5 0.498437 0.356250 0.181250 0.037500
1 0.500000 0.616406 0.187500 0.085938
6 0.500000 0.617969 0.050000 0.029687
5 0.586719 0.485938 0.189062 0.181250
2 0.870313 0.608594 0.125000 0.070312
6 0.871094 0.609375 0.085938 0.025000
