3 0.500000 0.121745 0.126953 0.058594
6 0.500000 0.123698 0.066406 0.023438
0 0.334961 0.351562 0.107422 0.065104
6 0.334961 0.352865 0.058594 0.020833
0 0.664062 0.351562 0.107422 0.065104
6 0.664551 0.352865 0.047852 0.020833
5 0.417480 0.235026 0.174805 0.173177
5 0.582031 0.235026 0.173828 0.173177
5 0.499512 0.350911 0.223633 0.037760
1 0.500000 0.587891 0.117188 0.071615
6 0.500488 0.589193 0.059570 0.024740
5 0.417480 0.468099 0.174805 0.173177
5 0.582031 0.468099 0.173828 0.173177
2 0.896484 0.581380 0.078125 0.058594
6 0.896973 0.582031 0.018555 0.020833
