4 0.500000 0.500000 0.840000 0.786667
6 0.130000 0.135833 0.077500 0.035000
3 0.500000 0.256667 0.187500 0.083333
6 0.500000 0.259167 0.027500 0.031667
0 0.277500 0.425833 0.150000 0.091667
6 0.277500 0.428333 0.042500 0.030000
0 0.500000 0.425833 0.150000 0.091667
6 0.500625 0.428333 0.068750 0.030000
0 0.722500 0.425833 0.150000 0.091667
6 0.722500 0.428333 0.065000 0.030000
1 0.500000 0.611667 0.162500 0.100000
6 0.500000 0.614167 0.097500 0.031667
5 0.388750 0.344167 0.235000 0.098333
5 0.498125 0.339167 0.023750 0.088333
5 0.611250 0.341667 0.235000 0.093333
5 0.388750 0.519167 0.235000 0.101667
5 0.498125 0.516667 0.023750 0.096667
5 0.611250 0.520833 0.235000 0.105000
2 0.807500 0.603333 0.112500 0.083333
6 0.807500 0.606667 0.055000 0.030000
5 0.771250 0.514167 0.072500 0.195000
