2 0.153125 0.502344 0.159375 0.085938
6 0.153125 0.503125 0.084375 0.025000
0 0.326562 0.517969 0.159375 0.085938
6 0.327344 0.518750 0.039062 0.025000
5 0.252344 0.503125 0.045312 0.043750
0 0.500000 0.491406 0.159375 0.085938
6 0.500000 0.492188 0.056250 0.025000
5 0.413281 0.503906 0.032813 0.042188
0 0.673438 0.499219 0.159375 0.085938
6 0.673438 0.500000 0.071875 0.025000
5 0.576562 0.485938 0.040625 0.040625
1 0.846875 0.488281 0.159375 0.085938
6 0.847656 0.489063 0.070312 0.025000
5 0.767969 0.500000 0.042188 0.040625
