4 0.500000 0.500000 0.840625 0.840625
6 0.142187 0.107031 0.096875 0.032813
3 0.500000 0.207813 0.234375 0.078125
6 0.500781 0.210156 0.151562 0.029687
0 0.345313 0.397656 0.187500 0.085938
6 0.345313 0.400000 0.084375 0.028125
0 0.654687 0.397656 0.187500 0.085938
6 0.654687 0.400000 0.084375 0.028125
1 0.500000 0.603125 0.203125 0.093750
6 0.500000 0.605469 0.037500 0.029687
5 0.422656 0.301563 0.170313 0.115625
5 0.577344 0.300781 0.170313 0.114062
5 0.422656 0.498437 0.170313 0.121875
5 0.577344 0.498437 0.170313 0.121875
