2 0.156250 0.480833 0.150000 0.091667
6 0.156875 0.481667 0.068750 0.026667
0 0.327500 0.512500 0.150000 0.091667
6 0.327500 0.513333 0.047500 0.026667
5 0.243125 0.495833 0.028750 0.048333
0 0.498750 0.495833 0.150000 0.091667
6 0.498750 0.496667 0.057500 0.026667
5 0.416875 0.503333 0.033750 0.033333
0 0.670000 0.520833 0.150000 0.091667
6 0.670625 0.521667 0.073750 0.026667
5 0.580000 0.505000 0.035000 0.046667
1 0.841250 0.500833 0.150000 0.091667
6 0.841875 0.501667 0.046250 0.026667
5 0.755625 0.506667 0.026250 0.043333
2 0.816250 0.632500 0.100000 0.075000
6 0.816250 0.633333 0.047500 0.026667
5 0.743125 0.573333 0.158750 0.063333
