2 0.153125 0.473958 0.159375 0.114583
6 0.153906 0.475000 0.057813 0.033333
0 0.326562 0.496875 0.159375 0.114583
6 0.327344 0.497917 0.073438 0.033333
5 0.229687 0.487500 0.040625 0.050000
0 0.500000 0.498958 0.159375 0.114583
6 0.500000 0.500000 0.056250 0.033333
5 0.423438 0.511458 0.040625 0.052083
0 0.673438 0.517708 0.159375 0.114583
6 0.674219 0.518750 0.092188 0.033333
5 0.575781 0.502083 0.042188 0.050000
1 0.846875 0.519792 0.159375 0.114583
6 0.846875 0.520833 0.075000 0.033333
5 0.757031 0.506250 0.035937 0.045833
2 0.829688 0.665625 0.125000 0.093750
6 0.829688 0.666667 0.059375 0.033333
5 0.751563 0.590625 0.171875 0.077083
