4 0.500000 0.500000 0.841797 0.789062
6 0.118164 0.128255 0.083984 0.027344
3 0.500000 0.236979 0.146484 0.065104
6 0.500488 0.238932 0.094727 0.024740
0 0.285156 0.405599 0.117188 0.071615
6 0.285156 0.407552 0.066406 0.023438
0 0.500000 0.405599 0.117188 0.071615
6 0.500488 0.407552 0.041992 0.023438
0 0.714844 0.405599 0.117188 0.071615
6 0.715332 0.407552 0.041992 0.023438
1 0.500000 0.587240 0.126953 0.078125
6 0.500000 0.589193 0.076172 0.024740
5 0.392578 0.320312 0.224609 0.106771
5 0.499023 0.319661 0.027344 0.105469
5 0.607422 0.320312 0.224609 0.106771
5 0.392578 0.496094 0.224609 0.114583
5 0.497559 0.494792 0.028320 0.111979
5 0.607422 0.496094 0.224609 0.114583
