2 0.178125 0.511458 0.187500 0.114583
6 0.178906 0.512500 0.085938 0.033333
0 0.390625 0.488542 0.187500 0.114583
6 0.390625 0.489583 0.071875 0.033333
5 0.284375 0.498958 0.031250 0.043750
0 0.603125 0.515625 0.187500 0.114583
6 0.603125 0.516667 0.071875 0.033333
5 0.496094 0.501042 0.032813 0.047917
1 0.815625 0.471875 0.187500 0.114583
6 0.815625 0.472917 0.090625 0.033333
5 0.706250 0.492708 0.040625 0.064583
2 0.784375 0.665625 0.125000 0.093750
6 0.784375 0.666667 0.059375 0.033333
5 0.693750 0.590625 0.196875 0.077083
