2 0.200195 0.509766 0.117188 0.071615
6 0.200684 0.510417 0.057617 0.020833
0 0.399414 0.505859 0.117188 0.071615
6 0.399414 0.506510 0.046875 0.020833
5 0.299805 0.503906 0.085938 0.031250
0 0.598633 0.509766 0.117188 0.071615
6 0.598633 0.510417 0.056641 0.020833
5 0.499023 0.509766 0.085938 0.040365
1 0.797852 0.507161 0.117188 0.071615
6 0.797852 0.507812 0.056641 0.020833
5 0.698242 0.504557 0.085938 0.027344
2 0.778320 0.603516 0.078125 0.058594
6 0.778320 0.604167 0.037109 0.020833
5 0.688477 0.557943 0.189453 0.050781
