4 0.500000 0.500000 0.841797 0.789062
6 0.118164 0.128255 0.107422 0.027344
3 0.500000 0.236979 0.146484 0.065104
6 0.500488 0.238932 0.075195 0.024740
0 0.285156 0.405599 0.117188 0.071615
6 0.285156 0.407552 0.033203 0.023438
0 0.500000 0.405599 0.117188 0.071615
6 0.500000 0.407552 0.050781 0.023438
0 0.714844 0.405599 0.117188 0.071615
6 0.715332 0.407552 0.053711 0.023438
1 0.500000 0.587240 0.126953 0.078125
6 0.500488 0.589193 0.063477 0.024740
5 0.392578 0.320964 0.224609 0.108073
5 0.499512 0.319661 0.022461 0.105469
5 0.607422 0.320964 0.224609 0.108073
5 0.392578 0.496094 0.224609 0.114583
5 0.500488 0.494792 0.032227 0.111979
5 0.607422 0.497396 0.224609 0.117188
2 0.822266 0.580729 0.087891 0.065104
6 0.822754 0.583333 0.030273 0.023438
5 0.775391 0.492839 0.023438 0.188802
