3 0.500000 0.146875 0.203125 0.093750
6 0.500781 0.150000 0.042188 0.037500
0 0.182812 0.412500 0.171875 0.104167
6 0.182812 0.414583 0.106250 0.033333
0 0.392188 0.412500 0.171875 0.104167
6 0.392969 0.414583 0.082812 0.033333
0 0.601562 0.412500 0.171875 0.104167
6 0.602344 0.414583 0.076563 0.033333
0 0.810937 0.412500 0.171875 0.104167
6 0.810937 0.414583 0.065625 0.033333
5 0.341406 0.280208 0.332813 0.181250
5 0.446094 0.277083 0.123438 0.175000
5 0.550781 0.277083 0.117188 0.175000
5 0.655469 0.279167 0.326562 0.179167
5 0.287500 0.408333 0.040625 0.041667
5 0.496875 0.411458 0.040625 0.043750
1 0.500000 0.688542 0.187500 0.114583
6 0.500000 0.690625 0.090625 0.039583
5 0.446094 0.547917 0.123438 0.175000
5 0.550781 0.547917 0.117188 0.175000
5 0.655469 0.551042 0.326562 0.181250
