4 0.500000 0.500000 0.881250 0.881250
6 0.122656 0.085156 0.151562 0.029687
3 0.500000 0.150781 0.203125 0.070312
6 0.500000 0.153125 0.106250 0.028125
0 0.210938 0.384375 0.159375 0.078125
6 0.211719 0.385937 0.076563 0.025000
0 0.401562 0.384375 0.159375 0.078125
6 0.401562 0.385937 0.075000 0.025000
0 0.592187 0.384375 0.159375 0.078125
6 0.592187 0.385937 0.078125 0.025000
0 0.782813 0.384375 0.159375 0.078125
6 0.782813 0.385937 0.093750 0.025000
5 0.355469 0.266406 0.304688 0.167187
5 0.450781 0.265625 0.114062 0.165625
5 0.546875 0.265625 0.109375 0.165625
5 0.641406 0.266406 0.298438 0.167187
5 0.306250 0.373437 0.034375 0.034375
5 0.495312 0.378906 0.037500 0.039062
5 0.496875 0.383594 0.415625 0.039062
1 0.500000 0.625781 0.187500 0.085938
6 0.500000 0.627344 0.090625 0.029687
5 0.450781 0.503125 0.114062 0.165625
2 0.832812 0.617969 0.118750 0.070312
6 0.833594 0.618750 0.085938 0.025000
