4 0.500000 0.500000 0.840625 0.840625
6 0.142187 0.107031 0.134375 0.032813
3 0.500000 0.207813 0.234375 0.078125
6 0.500781 0.210156 0.095312 0.029687
0 0.345313 0.397656 0.187500 0.085938
6 0.345313 0.400000 0.081250 0.028125
0 0.654687 0.397656 0.187500 0.085938
6 0.654687 0.400000 0.103125 0.028125
1 0.500000 0.603125 0.203125 0.093750
6 0.500000 0.605469 0.121875 0.029687
5 0.422656 0.300781 0.170313 0.114062
5 0.577344 0.300781 0.170313 0.114062
5 0.422656 0.498437 0.170313 0.121875
5 0.577344 0.498437 0.170313 0.121875
