4 0.500000 0.500000 0.881250 0.881250
6 0.122656 0.085156 0.048438 0.029687
3 0.500000 0.150781 0.203125 0.070312
6 0.500000 0.153125 0.134375 0.028125
0 0.210938 0.384375 0.159375 0.078125
6 0.210938 0.385937 0.078125 0.025000
0 0.401562 0.384375 0.159375 0.078125
6 0.401562 0.385937 0.065625 0.025000
0 0.592187 0.384375 0.159375 0.078125
6 0.592187 0.385937 0.093750 0.025000
0 0.782813 0.384375 0.159375 0.078125
6 0.782813 0.385937 0.075000 0.025000
5 0.355469 0.267188 0.304688 0.168750
5 0.450781 0.265625 0.114062 0.165625
5 0.546875 0.265625 0.109375 0.165625
5 0.641406 0.267188 0.298438 0.168750
5 0.306250 0.389844 0.034375 0.029687
5 0.495312 0.374219 0.037500 0.035937
1 0.500000 0.625781 0.187500 0.085938
6 0.500000 0.627344 0.121875 0.029687
5 0.355469 0.503906 0.304688 0.167187
5 0.451562 0.503125 0.115625 0.165625
5 0.544531 0.503125 0.110937 0.165625
5 0.641406 0.503125 0.298438 0.165625
