4 0.500000 0.500000 0.881250 0.881250
6 0.122656 0.085156 0.154688 0.029687
3 0.500000 0.150781 0.203125 0.070312
6 0.500000 0.153125 0.134375 0.028125
0 0.210938 0.384375 0.159375 0.078125
6 0.210938 0.385937 0.065625 0.025000
0 0.401562 0.384375 0.159375 0.078125
6 0.401562 0.385937 0.078125 0.025000
0 0.592187 0.384375 0.159375 0.078125
6 0.592187 0.385937 0.093750 0.025000
0 0.782813 0.384375 0.159375 0.078125
6 0.783594 0.385937 0.076563 0.025000
5 0.355469 0.265625 0.304688 0.165625
5 0.450000 0.265625 0.115625 0.165625
5 0.546094 0.265625 0.107813 0.165625
5 0.641406 0.267969 0.298438 0.170313
5 0.306250 0.383594 0.034375 0.039062
5 0.496875 0.375781 0.034375 0.029687
5 0.496875 0.383594 0.415625 0.029687
1 0.500000 0.625781 0.187500 0.085938
6 0.500781 0.627344 0.073438 0.029687
5 0.355469 0.504687 0.304688 0.168750
5 0.641406 0.504687 0.298438 0.168750
2 0.832812 0.617969 0.118750 0.070312
6 0.832812 0.618750 0.103125 0.025000
