2 0.153125 0.530208 0.159375 0.114583
6 0.153125 0.531250 0.084375 0.033333
0 0.326562 0.478125 0.159375 0.114583
6 0.327344 0.479167 0.092188 0.033333
5 0.241406 0.503125 0.032813 0.072917
0 0.500000 0.521875 0.159375 0.114583
6 0.500781 0.522917 0.092188 0.033333
5 0.411719 0.498958 0.039062 0.064583
0 0.673438 0.521875 0.159375 0.114583
6 0.673438 0.522917 0.062500 0.033333
5 0.594531 0.533333 0.035937 0.045833
1 0.846875 0.530208 0.159375 0.114583
6 0.847656 0.531250 0.070312 0.033333
5 0.764062 0.519792 0.034375 0.039583
