2 0.153125 0.519531 0.159375 0.085938
6 0.153906 0.520312 0.092188 0.025000
0 0.326562 0.496094 0.159375 0.085938
6 0.326562 0.496875 0.071875 0.025000
5 0.232031 0.507031 0.035937 0.039062
0 0.500000 0.511719 0.159375 0.085938
6 0.500000 0.512500 0.090625 0.025000
5 0.407031 0.502344 0.032813 0.032813
0 0.673438 0.505469 0.159375 0.085938
6 0.673438 0.506250 0.046875 0.025000
5 0.579688 0.501563 0.034375 0.040625
1 0.846875 0.497656 0.159375 0.085938
6 0.846875 0.498437 0.040625 0.025000
5 0.765625 0.508594 0.040625 0.039062
