4 0.500000 0.500000 0.880000 0.840000
6 0.110000 0.107500 0.062500 0.031667
3 0.500000 0.187500 0.162500 0.075000
6 0.500625 0.190000 0.033750 0.030000
0 0.343750 0.413333 0.137500 0.083333
6 0.343750 0.415000 0.060000 0.026667
0 0.656250 0.413333 0.137500 0.083333
6 0.656875 0.415000 0.066250 0.026667
5 0.421875 0.298333 0.168750 0.153333
5 0.578125 0.298333 0.168750 0.153333
5 0.500000 0.413333 0.177500 0.033333
1 0.500000 0.647500 0.150000 0.091667
6 0.500000 0.649167 0.072500 0.031667
5 0.421875 0.528333 0.168750 0.153333
5 0.578125 0.528333 0.168750 0.153333
2 0.843750 0.639167 0.100000 0.075000
6 0.844375 0.640000 0.053750 0.026667
