4 0.500000 0.500000 0.880000 0.840000
6 0.110000 0.107500 0.070000 0.031667
3 0.500000 0.187500 0.162500 0.075000
6 0.500000 0.190000 0.057500 0.030000
0 0.218750 0.413333 0.137500 0.083333
6 0.218750 0.415000 0.060000 0.026667
0 0.406250 0.413333 0.137500 0.083333
6 0.406250 0.415000 0.052500 0.026667
0 0.593750 0.413333 0.137500 0.083333
6 0.594375 0.415000 0.066250 0.026667
0 0.781250 0.413333 0.137500 0.083333
6 0.781875 0.415000 0.061250 0.026667
5 0.359375 0.300833 0.293750 0.158333
5 0.453125 0.298333 0.106250 0.153333
5 0.546875 0.298333 0.106250 0.153333
5 0.640625 0.300000 0.293750 0.156667
5 0.312500 0.409167 0.052500 0.041667
5 0.500000 0.406667 0.052500 0.033333
5 0.500000 0.412500 0.427500 0.031667
1 0.500000 0.647500 0.150000 0.091667
6 0.500625 0.649167 0.081250 0.031667
5 0.359375 0.530833 0.293750 0.158333
5 0.546875 0.528333 0.106250 0.153333
5 0.640625 0.529167 0.293750 0.155000
2 0.843750 0.639167 0.100000 0.075000
6 0.844375 0.640000 0.073750 0.026667
