2 0.190000 0.505833 0.150000 0.091667
6 0.190000 0.506667 0.035000 0.026667
0 0.395000 0.479167 0.150000 0.091667
6 0.395625 0.480000 0.031250 0.026667
5 0.292500 0.485833 0.060000 0.055000
0 0.600000 0.507500 0.150000 0.091667
6 0.600000 0.508333 0.037500 0.026667
5 0.497500 0.492500 0.060000 0.045000
1 0.805000 0.485833 0.150000 0.091667
6 0.805000 0.486667 0.060000 0.026667
5 0.702500 0.493333 0.060000 0.043333
2 0.780000 0.632500 0.100000 0.075000
6 0.780000 0.633333 0.047500 0.026667
5 0.690000 0.573333 0.192500 0.063333
