4 0.500000 0.500000 0.881250 0.841667
6 0.122656 0.113542 0.048438 0.039583
3 0.500000 0.201042 0.203125 0.093750
6 0.500000 0.204167 0.106250 0.037500
0 0.256250 0.445833 0.171875 0.104167
6 0.256250 0.447917 0.065625 0.033333
0 0.498437 0.445833 0.171875 0.104167
6 0.498437 0.447917 0.078125 0.033333
0 0.740625 0.445833 0.171875 0.104167
6 0.740625 0.447917 0.093750 0.033333
5 0.378125 0.321875 0.259375 0.156250
5 0.500781 0.320833 0.039062 0.154167
5 0.620313 0.320833 0.256250 0.154167
5 0.377344 0.447917 0.073438 0.045833
5 0.619531 0.447917 0.073438 0.050000
1 0.500000 0.701042 0.187500 0.114583
6 0.500781 0.703125 0.117188 0.039583
5 0.501563 0.570833 0.037500 0.154167
5 0.620313 0.570833 0.256250 0.154167
2 0.832812 0.690625 0.118750 0.093750
6 0.833594 0.691667 0.029687 0.033333
