2 0.156250 0.489167 0.150000 0.091667
6 0.156875 0.490000 0.073750 0.026667
0 0.327500 0.520833 0.150000 0.091667
6 0.327500 0.521667 0.057500 0.026667
5 0.241875 0.504167 0.026250 0.048333
0 0.498750 0.492500 0.150000 0.091667
6 0.498750 0.493333 0.047500 0.026667
5 0.414375 0.505833 0.028750 0.045000
0 0.670000 0.477500 0.150000 0.091667
6 0.670625 0.478333 0.068750 0.026667
5 0.583125 0.489167 0.033750 0.041667
1 0.841250 0.489167 0.150000 0.091667
6 0.841250 0.490000 0.060000 0.026667
5 0.752500 0.475000 0.032500 0.043333
4 0.498750 0.486667 0.872500 0.210000
6 0.106875 0.404167 0.121250 0.031667
