3 0.500000 0.110156 0.203125 0.070312
6 0.500781 0.112500 0.042188 0.028125
0 0.235937 0.359375 0.171875 0.078125
6 0.235937 0.360938 0.075000 0.025000
0 0.498437 0.359375 0.171875 0.078125
6 0.498437 0.360938 0.078125 0.025000
0 0.760938 0.359375 0.171875 0.078125
6 0.760938 0.360938 0.075000 0.025000
5 0.367969 0.232813 0.279687 0.181250
5 0.496094 0.232813 0.032813 0.181250
5 0.630469 0.232813 0.276562 0.181250
5 0.367188 0.357812 0.093750 0.046875
5 0.629687 0.356250 0.093750 0.028125
1 0.500000 0.616406 0.187500 0.085938
6 0.500000 0.617969 0.084375 0.029687
5 0.367969 0.486719 0.279687 0.182812
5 0.630469 0.485938 0.276562 0.181250
2 0.870313 0.608594 0.125000 0.070312
6 0.870313 0.609375 0.084375 0.025000
