4 0.500000 0.500000 0.880000 0.840000
6 0.110000 0.107500 0.062500 0.031667
3 0.500000 0.187500 0.162500 0.075000
6 0.500000 0.190000 0.057500 0.030000
0 0.265000 0.413333 0.137500 0.083333
6 0.265000 0.415000 0.052500 0.026667
0 0.498750 0.413333 0.137500 0.083333
6 0.498750 0.415000 0.060000 0.026667
0 0.732500 0.413333 0.137500 0.083333
6 0.732500 0.415000 0.085000 0.026667
5 0.382500 0.298333 0.247500 0.153333
5 0.498750 0.298333 0.027500 0.153333
5 0.616250 0.300000 0.245000 0.156667
5 0.381875 0.412500 0.098750 0.031667
5 0.615625 0.412500 0.098750 0.045000
1 0.500000 0.647500 0.150000 0.091667
6 0.500000 0.649167 0.097500 0.031667
5 0.616250 0.530000 0.245000 0.156667
2 0.843750 0.639167 0.100000 0.075000
6 0.844375 0.640000 0.053750 0.026667
