4 0.500000 0.500000 0.840625 0.787500
6 0.142187 0.142708 0.162500 0.043750
3 0.500000 0.277083 0.234375 0.104167
6 0.500000 0.280208 0.034375 0.039583
0 0.345313 0.445833 0.187500 0.112500
6 0.345313 0.450000 0.106250 0.037500
0 0.654687 0.445833 0.187500 0.112500
6 0.654687 0.450000 0.106250 0.037500
1 0.500000 0.637500 0.203125 0.125000
6 0.500781 0.640625 0.101562 0.039583
5 0.422656 0.363542 0.170313 0.077083
5 0.577344 0.362500 0.170313 0.075000
5 0.422656 0.543750 0.170313 0.091667
5 0.577344 0.541667 0.170313 0.087500
