3 0.500000 0.134167 0.162500 0.075000
6 0.500625 0.136667 0.063750 0.030000
0 0.193750 0.380000 0.137500 0.083333
6 0.193750 0.381667 0.062500 0.026667
0 0.396250 0.380000 0.137500 0.083333
6 0.396875 0.381667 0.061250 0.026667
0 0.598750 0.380000 0.137500 0.083333
6 0.598750 0.381667 0.075000 0.026667
0 0.801250 0.380000 0.137500 0.083333
6 0.801875 0.381667 0.066250 0.026667
5 0.346875 0.257500 0.318750 0.178333
5 0.448125 0.255000 0.116250 0.173333
5 0.549375 0.255000 0.111250 0.173333
5 0.650625 0.257500 0.313750 0.178333
5 0.295000 0.381667 0.067500 0.033333
5 0.497500 0.381667 0.067500 0.043333
1 0.500000 0.634167 0.150000 0.091667
6 0.500000 0.635833 0.072500 0.031667
5 0.448125 0.505000 0.116250 0.173333
5 0.650625 0.505833 0.313750 0.175000
2 0.883750 0.625833 0.100000 0.075000
6 0.884375 0.626667 0.023750 0.026667
