2 0.190000 0.524167 0.150000 0.091667
6 0.190625 0.525000 0.046250 0.026667
0 0.395000 0.510833 0.150000 0.091667
6 0.395000 0.511667 0.057500 0.026667
5 0.292500 0.508333 0.060000 0.046667
0 0.600000 0.479167 0.150000 0.091667
6 0.600000 0.480000 0.050000 0.026667
5 0.497500 0.494167 0.060000 0.048333
1 0.805000 0.509167 0.150000 0.091667
6 0.805625 0.510000 0.056250 0.026667
5 0.702500 0.493333 0.060000 0.046667
2 0.780000 0.632500 0.100000 0.075000
6 0.780000 0.633333 0.047500 0.026667
5 0.690000 0.571667 0.192500 0.060000
4 0.497500 0.539167 0.802500 0.311667
6 0.140625 0.405833 0.123750 0.031667
