2 0.190000 0.507500 0.150000 0.091667
6 0.190625 0.508333 0.046250 0.026667
0 0.395000 0.525833 0.150000 0.091667
6 0.395000 0.526667 0.050000 0.026667
5 0.292500 0.523333 0.060000 0.050000
0 0.600000 0.512500 0.150000 0.091667
6 0.600000 0.513333 0.045000 0.026667
5 0.497500 0.523333 0.060000 0.043333
1 0.805000 0.520833 0.150000 0.091667
6 0.805000 0.521667 0.072500 0.026667
5 0.702500 0.510000 0.060000 0.036667
2 0.780000 0.632500 0.100000 0.075000
6 0.780000 0.633333 0.047500 0.026667
5 0.690000 0.574167 0.192500 0.065000
4 0.497500 0.553333 0.802500 0.283333
6 0.140625 0.434167 0.038750 0.031667
