2 0.178125 0.513542 0.187500 0.114583
6 0.178906 0.514583 0.092188 0.033333
0 0.390625 0.530208 0.187500 0.114583
6 0.391406 0.531250 0.073438 0.033333
5 0.284375 0.525000 0.031250 0.045833
0 0.603125 0.511458 0.187500 0.114583
6 0.603125 0.512500 0.056250 0.033333
5 0.494531 0.528125 0.042188 0.056250
1 0.815625 0.519792 0.187500 0.114583
6 0.816406 0.520833 0.070312 0.033333
5 0.704688 0.502083 0.040625 0.054167
2 0.784375 0.665625 0.125000 0.093750
6 0.784375 0.666667 0.059375 0.033333
5 0.693750 0.595833 0.196875 0.087500
