4 0.500000 0.500000 0.840000 0.786667
6 0.130625 0.135833 0.068750 0.035000
3 0.500000 0.256667 0.187500 0.083333
6 0.500000 0.259167 0.037500 0.031667
0 0.351250 0.425833 0.150000 0.091667
6 0.351250 0.428333 0.065000 0.030000
0 0.647500 0.425833 0.150000 0.091667
6 0.648125 0.428333 0.051250 0.030000
1 0.500000 0.611667 0.162500 0.100000
6 0.500000 0.614167 0.072500 0.031667
5 0.425625 0.339167 0.161250 0.088333
5 0.573750 0.342500 0.160000 0.095000
5 0.425625 0.516667 0.161250 0.096667
5 0.573750 0.517500 0.160000 0.098333
