2 0.153125 0.519792 0.159375 0.114583
6 0.153906 0.520833 0.029687 0.033333
0 0.326562 0.496875 0.159375 0.114583
6 0.326562 0.497917 0.056250 0.033333
5 0.234375 0.512500 0.046875 0.054167
0 0.500000 0.484375 0.159375 0.114583
6 0.500781 0.485417 0.092188 0.033333
5 0.404687 0.476042 0.037500 0.060417
0 0.673438 0.496875 0.159375 0.114583
6 0.673438 0.497917 0.071875 0.033333
5 0.595313 0.482292 0.037500 0.047917
1 0.846875 0.515625 0.159375 0.114583
6 0.846875 0.516667 0.031250 0.033333
5 0.751563 0.511458 0.037500 0.052083
2 0.829688 0.665625 0.125000 0.093750
6 0.829688 0.666667 0.059375 0.033333
5 0.751563 0.591667 0.171875 0.079167
