3 0.500000 0.146875 0.203125 0.093750
6 0.500000 0.150000 0.071875 0.037500
0 0.235937 0.412500 0.171875 0.104167
6 0.235937 0.414583 0.078125 0.033333
0 0.498437 0.412500 0.171875 0.104167
6 0.499219 0.414583 0.082812 0.033333
0 0.760938 0.412500 0.171875 0.104167
6 0.761719 0.414583 0.076563 0.033333
5 0.367969 0.279167 0.279687 0.179167
5 0.495312 0.277083 0.040625 0.175000
5 0.630469 0.280208 0.276562 0.181250
5 0.367188 0.407292 0.093750 0.047917
5 0.629687 0.414583 0.093750 0.041667
1 0.500000 0.688542 0.187500 0.114583
6 0.500000 0.690625 0.121875 0.039583
5 0.367969 0.550000 0.279687 0.179167
5 0.630469 0.552083 0.276562 0.183333
2 0.870313 0.678125 0.125000 0.093750
6 0.871094 0.679167 0.029687 0.033333
