2 0.166992 0.517578 0.117188 0.071615
6 0.166992 0.518229 0.027344 0.020833
0 0.333008 0.509766 0.117188 0.071615
6 0.333496 0.510417 0.053711 0.020833
5 0.250000 0.509766 0.052734 0.027344
0 0.499023 0.491536 0.117188 0.071615
6 0.499023 0.492188 0.029297 0.020833
5 0.416016 0.498698 0.052734 0.033854
0 0.665039 0.514974 0.117188 0.071615
6 0.665527 0.515625 0.045898 0.020833
5 0.582031 0.503906 0.052734 0.039062
1 0.831055 0.508464 0.117188 0.071615
6 0.831055 0.509115 0.046875 0.020833
5 0.748047 0.509115 0.052734 0.031250
2 0.811523 0.603516 0.078125 0.058594
6 0.811523 0.604167 0.037109 0.020833
5 0.738281 0.557943 0.156250 0.050781
