2 0.166992 0.481120 0.117188 0.071615
6 0.167480 0.481771 0.053711 0.020833
0 0.333008 0.482422 0.117188 0.071615
6 0.333008 0.483073 0.046875 0.020833
5 0.250000 0.479167 0.052734 0.031250
0 0.499023 0.498047 0.117188 0.071615
6 0.499023 0.498698 0.046875 0.020833
5 0.416016 0.492839 0.052734 0.035156
0 0.665039 0.500651 0.117188 0.071615
6 0.665039 0.501302 0.035156 0.020833
5 0.582031 0.499349 0.052734 0.037760
1 0.831055 0.481120 0.117188 0.071615
6 0.831543 0.481771 0.043945 0.020833
5 0.748047 0.486979 0.052734 0.039062
2 0.811523 0.603516 0.078125 0.058594
6 0.811523 0.604167 0.037109 0.020833
5 0.738281 0.556641 0.156250 0.048177
