3 0.500000 0.146875 0.203125 0.093750
6 0.500781 0.150000 0.042188 0.037500
0 0.235937 0.412500 0.171875 0.104167
6 0.235937 0.414583 0.075000 0.033333
0 0.498437 0.412500 0.171875 0.104167
6 0.499219 0.414583 0.082812 0.033333
0 0.760938 0.412500 0.171875 0.104167
6 0.760938 0.414583 0.078125 0.033333
5 0.367969 0.278125 0.279687 0.177083
5 0.496875 0.277083 0.037500 0.175000
5 0.630469 0.278125 0.276562 0.177083
5 0.367188 0.409375 0.093750 0.043750
5 0.629687 0.412500 0.093750 0.037500
1 0.500000 0.688542 0.187500 0.114583
6 0.500000 0.690625 0.084375 0.039583
5 0.367969 0.551042 0.279687 0.181250
5 0.630469 0.550000 0.276562 0.179167
