2 0.178125 0.494792 0.187500 0.114583
6 0.178906 0.495833 0.067187 0.033333
0 0.390625 0.501042 0.187500 0.114583
6 0.391406 0.502083 0.073438 0.033333
5 0.282813 0.493750 0.034375 0.041667
0 0.603125 0.478125 0.187500 0.114583
6 0.603125 0.479167 0.075000 0.033333
5 0.492969 0.491667 0.039062 0.050000
1 0.815625 0.486458 0.187500 0.114583
6 0.815625 0.487500 0.093750 0.033333
5 0.703906 0.467708 0.042188 0.056250
2 0.784375 0.665625 0.125000 0.093750
6 0.784375 0.666667 0.059375 0.033333
5 0.693750 0.592708 0.196875 0.081250
