2 0.153125 0.519792 0.159375 0.114583
6 0.153906 0.520833 0.057813 0.033333
0 0.326562 0.496875 0.159375 0.114583
6 0.327344 0.497917 0.073438 0.033333
5 0.250000 0.497917 0.040625 0.062500
0 0.500000 0.517708 0.159375 0.114583
6 0.500000 0.518750 0.056250 0.033333
5 0.414844 0.501042 0.042188 0.052083
0 0.673438 0.476042 0.159375 0.114583
6 0.674219 0.477083 0.092188 0.033333
5 0.591406 0.495833 0.029687 0.062500
1 0.846875 0.511458 0.159375 0.114583
6 0.846875 0.512500 0.075000 0.033333
5 0.764844 0.492708 0.032813 0.056250
