4 0.500000 0.500000 0.880859 0.841146
6 0.099121 0.100911 0.094727 0.024740
3 0.500000 0.175130 0.126953 0.058594
6 0.500488 0.177083 0.026367 0.023438
0 0.227539 0.382812 0.107422 0.065104
6 0.227539 0.384115 0.046875 0.020833
0 0.409180 0.382812 0.107422 0.065104
6 0.409180 0.384115 0.046875 0.020833
0 0.590820 0.382812 0.107422 0.065104
6 0.591309 0.384115 0.047852 0.020833
0 0.772461 0.382812 0.107422 0.065104
6 0.772461 0.384115 0.066406 0.020833
5 0.363770 0.279948 0.282227 0.156250
5 0.454590 0.277344 0.100586 0.151042
5 0.545410 0.277344 0.100586 0.151042
5 0.636230 0.278646 0.282227 0.153646
5 0.318359 0.381510 0.076172 0.031250
5 0.500000 0.383464 0.076172 0.037760
1 0.500000 0.597005 0.117188 0.071615
6 0.500000 0.598307 0.023438 0.024740
5 0.363770 0.489583 0.282227 0.153646
5 0.454590 0.488281 0.100586 0.151042
5 0.636230 0.489583 0.282227 0.153646
