2 0.156250 0.509167 0.150000 0.091667
6 0.156875 0.510000 0.068750 0.026667
0 0.327500 0.494167 0.150000 0.091667
6 0.327500 0.495000 0.037500 0.026667
5 0.240625 0.503333 0.028750 0.036667
0 0.498750 0.517500 0.150000 0.091667
6 0.498750 0.518333 0.057500 0.026667
5 0.409375 0.507500 0.033750 0.045000
0 0.670000 0.497500 0.150000 0.091667
6 0.670000 0.498333 0.045000 0.026667
5 0.584375 0.507500 0.031250 0.038333
1 0.841250 0.514167 0.150000 0.091667
6 0.841250 0.515000 0.032500 0.026667
5 0.751250 0.503333 0.035000 0.043333
