2 0.178125 0.513281 0.187500 0.085938
6 0.178125 0.514062 0.103125 0.025000
0 0.390625 0.482031 0.187500 0.085938
6 0.390625 0.482812 0.071875 0.025000
5 0.286719 0.496875 0.035937 0.046875
0 0.603125 0.491406 0.187500 0.085938
6 0.603125 0.492188 0.046875 0.025000
5 0.490625 0.485156 0.043750 0.042188
1 0.815625 0.488281 0.187500 0.085938
6 0.815625 0.489063 0.093750 0.025000
5 0.712500 0.497656 0.037500 0.035937
2 0.784375 0.624219 0.125000 0.070312
6 0.784375 0.625000 0.059375 0.025000
5 0.693750 0.567969 0.196875 0.057813
