2 0.166992 0.483724 0.117188 0.071615
6 0.167480 0.484375 0.057617 0.020833
0 0.333008 0.507161 0.117188 0.071615
6 0.333496 0.507812 0.045898 0.020833
5 0.250000 0.496094 0.052734 0.039062
0 0.499023 0.488932 0.117188 0.071615
6 0.499023 0.489583 0.035156 0.020833
5 0.416016 0.494792 0.052734 0.036458
0 0.665039 0.503255 0.117188 0.071615
6 0.665039 0.503906 0.039062 0.020833
5 0.582031 0.498047 0.052734 0.032552
1 0.831055 0.505859 0.117188 0.071615
6 0.831543 0.506510 0.036133 0.020833
5 0.748047 0.504557 0.052734 0.035156
2 0.811523 0.603516 0.078125 0.058594
6 0.811523 0.604167 0.037109 0.020833
5 0.738281 0.556641 0.156250 0.048177
4 0.499023 0.530599 0.810547 0.243490
6 0.128418 0.426432 0.075195 0.024740
