4 0.500000 0.500000 0.840625 0.787500
6 0.142187 0.142708 0.168750 0.043750
3 0.500000 0.277083 0.234375 0.104167
6 0.500781 0.280208 0.079687 0.039583
0 0.268750 0.445833 0.184375 0.112500
6 0.268750 0.450000 0.081250 0.037500
0 0.500000 0.445833 0.184375 0.112500
6 0.500781 0.450000 0.064062 0.037500
0 0.731250 0.445833 0.184375 0.112500
6 0.731250 0.450000 0.103125 0.037500
1 0.500000 0.637500 0.203125 0.125000
6 0.500000 0.640625 0.084375 0.039583
5 0.384375 0.367708 0.246875 0.085417
5 0.502344 0.359375 0.045312 0.068750
5 0.615625 0.365625 0.246875 0.081250
5 0.384375 0.540625 0.246875 0.085417
5 0.497656 0.538542 0.048438 0.081250
5 0.615625 0.544792 0.246875 0.093750
