4 0.500000 0.500000 0.881250 0.881250
6 0.122656 0.085156 0.151562 0.029687
3 0.500000 0.150781 0.203125 0.070312
6 0.500781 0.153125 0.079687 0.028125
0 0.256250 0.384375 0.171875 0.078125
6 0.257031 0.385937 0.076563 0.025000
0 0.498437 0.384375 0.171875 0.078125
6 0.498437 0.385937 0.065625 0.025000
0 0.740625 0.384375 0.171875 0.078125
6 0.740625 0.385937 0.078125 0.025000
5 0.378125 0.266406 0.259375 0.167187
5 0.496094 0.265625 0.039062 0.165625
5 0.620313 0.265625 0.256250 0.165625
5 0.377344 0.387500 0.073438 0.037500
5 0.619531 0.386719 0.073438 0.035937
1 0.500000 0.625781 0.187500 0.085938
6 0.500781 0.627344 0.101562 0.029687
5 0.499219 0.503125 0.039062 0.165625
5 0.620313 0.504687 0.256250 0.168750
