2 0.156250 0.499167 0.150000 0.091667
6 0.156875 0.500000 0.068750 0.026667
0 0.327500 0.477500 0.150000 0.091667
6 0.328125 0.478333 0.058750 0.026667
5 0.241250 0.487500 0.027500 0.038333
0 0.498750 0.480833 0.150000 0.091667
6 0.499375 0.481667 0.068750 0.026667
5 0.410000 0.490833 0.032500 0.045000
0 0.670000 0.522500 0.150000 0.091667
6 0.670625 0.523333 0.058750 0.026667
5 0.583750 0.500833 0.027500 0.058333
1 0.841250 0.500833 0.150000 0.091667
6 0.841250 0.501667 0.075000 0.026667
5 0.752500 0.514167 0.032500 0.045000
2 0.816250 0.632500 0.100000 0.075000
6 0.816250 0.633333 0.047500 0.026667
5 0.743125 0.572500 0.158750 0.061667
4 0.498750 0.538333 0.872500 0.313333
6 0.106875 0.404167 0.096250 0.031667
