2 0.153125 0.482292 0.159375 0.114583
6 0.153906 0.483333 0.085938 0.033333
0 0.326562 0.503125 0.159375 0.114583
6 0.326562 0.504167 0.071875 0.033333
5 0.241406 0.491667 0.032813 0.041667
0 0.500000 0.532292 0.159375 0.114583
6 0.500000 0.533333 0.075000 0.033333
5 0.406250 0.517708 0.034375 0.052083
0 0.673438 0.476042 0.159375 0.114583
6 0.673438 0.477083 0.071875 0.033333
5 0.580469 0.503125 0.035937 0.077083
1 0.846875 0.486458 0.159375 0.114583
6 0.846875 0.487500 0.078125 0.033333
5 0.750781 0.469792 0.039062 0.052083
2 0.829688 0.665625 0.125000 0.093750
6 0.829688 0.666667 0.059375 0.033333
5 0.751563 0.590625 0.171875 0.077083
4 0.500000 0.550000 0.900000 0.387500
6 0.104688 0.384375 0.087500 0.039583
