2 0.153125 0.496094 0.159375 0.085938
6 0.153906 0.496875 0.067187 0.025000
0 0.326562 0.505469 0.159375 0.085938
6 0.327344 0.506250 0.073438 0.025000
5 0.237500 0.496875 0.034375 0.031250
0 0.500000 0.516406 0.159375 0.085938
6 0.500781 0.517188 0.073438 0.025000
5 0.425000 0.514844 0.043750 0.039062
0 0.673438 0.513281 0.159375 0.085938
6 0.674219 0.514062 0.073438 0.025000
5 0.580469 0.525781 0.042188 0.042188
1 0.846875 0.503906 0.159375 0.085938
6 0.846875 0.504687 0.093750 0.025000
5 0.758594 0.512500 0.035937 0.034375
