2 0.178125 0.488281 0.187500 0.085938
6 0.178125 0.489063 0.059375 0.025000
0 0.390625 0.477344 0.187500 0.085938
6 0.391406 0.478125 0.039062 0.025000
5 0.281250 0.475781 0.037500 0.048438
0 0.603125 0.524219 0.187500 0.085938
6 0.603125 0.525000 0.090625 0.025000
5 0.498437 0.500000 0.034375 0.062500
1 0.815625 0.505469 0.187500 0.085938
6 0.815625 0.506250 0.078125 0.025000
5 0.703125 0.514844 0.043750 0.042188
2 0.784375 0.624219 0.125000 0.070312
6 0.784375 0.625000 0.059375 0.025000
5 0.693750 0.568750 0.196875 0.059375
