2 0.153125 0.498958 0.159375 0.114583
6 0.153125 0.500000 0.084375 0.033333
0 0.326562 0.490625 0.159375 0.114583
6 0.326562 0.491667 0.056250 0.033333
5 0.241406 0.502083 0.048438 0.045833
0 0.500000 0.532292 0.159375 0.114583
6 0.500000 0.533333 0.062500 0.033333
5 0.417969 0.510417 0.045312 0.062500
0 0.673438 0.505208 0.159375 0.114583
6 0.673438 0.506250 0.071875 0.033333
5 0.582812 0.520833 0.043750 0.054167
1 0.846875 0.523958 0.159375 0.114583
6 0.846875 0.525000 0.065625 0.033333
5 0.764844 0.505208 0.045312 0.056250
2 0.829688 0.665625 0.125000 0.093750
6 0.829688 0.666667 0.059375 0.033333
5 0.751563 0.591667 0.171875 0.079167
4 0.500000 0.557292 0.900000 0.372917
6 0.104688 0.398958 0.087500 0.039583
