4 0.500000 0.500000 0.840625 0.787500
6 0.142187 0.142708 0.134375 0.043750
3 0.500000 0.277083 0.234375 0.104167
6 0.500000 0.280208 0.034375 0.039583
0 0.268750 0.445833 0.184375 0.112500
6 0.268750 0.450000 0.043750 0.037500
0 0.500000 0.445833 0.184375 0.112500
6 0.500000 0.450000 0.071875 0.037500
0 0.731250 0.445833 0.184375 0.112500
6 0.732031 0.450000 0.064062 0.037500
1 0.500000 0.637500 0.203125 0.125000
6 0.500781 0.640625 0.117188 0.039583
5 0.384375 0.364583 0.246875 0.079167
5 0.502344 0.359375 0.039062 0.068750
5 0.615625 0.363542 0.246875 0.077083
5 0.384375 0.540625 0.246875 0.085417
5 0.498437 0.538542 0.040625 0.081250
5 0.615625 0.541667 0.246875 0.087500
