3 0.500000 0.146875 0.203125 0.093750
6 0.500000 0.150000 0.134375 0.037500
0 0.235937 0.412500 0.171875 0.104167
6 0.235937 0.414583 0.106250 0.033333
0 0.498437 0.412500 0.171875 0.104167
6 0.498437 0.414583 0.065625 0.033333
0 0.760938 0.412500 0.171875 0.104167
6 0.760938 0.414583 0.078125 0.033333
5 0.367969 0.281250 0.279687 0.183333
5 0.497656 0.277083 0.032813 0.175000
5 0.630469 0.281250 0.276562 0.183333
5 0.367188 0.412500 0.093750 0.058333
5 0.629687 0.412500 0.093750 0.041667
1 0.500000 0.688542 0.187500 0.114583
6 0.500000 0.690625 0.090625 0.039583
5 0.367969 0.548958 0.279687 0.177083
5 0.500000 0.547917 0.031250 0.175000
5 0.630469 0.547917 0.276562 0.175000
2 0.870313 0.678125 0.125000 0.093750
6 0.870313 0.679167 0.059375 0.033333
