2 0.156250 0.509167 0.150000 0.091667
6 0.156875 0.510000 0.053750 0.026667
0 0.327500 0.489167 0.150000 0.091667
6 0.328125 0.490000 0.058750 0.026667
5 0.245625 0.498333 0.033750 0.036667
0 0.498750 0.512500 0.150000 0.091667
6 0.499375 0.513333 0.073750 0.026667
5 0.410625 0.496667 0.031250 0.046667
0 0.670000 0.522500 0.150000 0.091667
6 0.670000 0.523333 0.050000 0.026667
5 0.583750 0.514167 0.027500 0.038333
1 0.841250 0.522500 0.150000 0.091667
6 0.841250 0.523333 0.072500 0.026667
5 0.755000 0.511667 0.027500 0.036667
2 0.816250 0.632500 0.100000 0.075000
6 0.816250 0.633333 0.047500 0.026667
5 0.743125 0.572500 0.158750 0.061667
