2 0.178125 0.513281 0.187500 0.085938
6 0.178125 0.514062 0.043750 0.025000
0 0.390625 0.478906 0.187500 0.085938
6 0.390625 0.479687 0.071875 0.025000
5 0.282813 0.495312 0.040625 0.050000
0 0.603125 0.508594 0.187500 0.085938
6 0.603125 0.509375 0.071875 0.025000
5 0.494531 0.492969 0.042188 0.045312
1 0.815625 0.514844 0.187500 0.085938
6 0.816406 0.515625 0.070312 0.025000
5 0.705469 0.502344 0.039062 0.039062
2 0.784375 0.624219 0.125000 0.070312
6 0.784375 0.625000 0.059375 0.025000
5 0.693750 0.569531 0.196875 0.060937
4 0.496875 0.535937 0.871875 0.293750
6 0.116406 0.410156 0.120313 0.029687
