3 0.500000 0.134167 0.162500 0.075000
6 0.500000 0.136667 0.025000 0.030000
0 0.245000 0.380000 0.137500 0.083333
6 0.245000 0.381667 0.060000 0.026667
0 0.498750 0.380000 0.137500 0.083333
6 0.498750 0.381667 0.075000 0.026667
0 0.752500 0.380000 0.137500 0.083333
6 0.752500 0.381667 0.060000 0.026667
5 0.372500 0.255000 0.267500 0.173333
5 0.496875 0.255000 0.023750 0.173333
5 0.626250 0.255833 0.265000 0.175000
5 0.371875 0.376667 0.118750 0.036667
5 0.625625 0.380000 0.118750 0.030000
1 0.500000 0.634167 0.150000 0.091667
6 0.500625 0.635833 0.058750 0.031667
5 0.372500 0.506667 0.267500 0.176667
5 0.498750 0.505000 0.025000 0.173333
