2 0.200195 0.512370 0.117188 0.071615
6 0.200684 0.513021 0.018555 0.020833
0 0.399414 0.518880 0.117188 0.071615
6 0.399902 0.519531 0.053711 0.020833
5 0.299805 0.516927 0.085938 0.031250
0 0.598633 0.505859 0.117188 0.071615
6 0.598633 0.506510 0.039062 0.020833
5 0.499023 0.505859 0.085938 0.037760
1 0.797852 0.508464 0.117188 0.071615
6 0.797852 0.509115 0.041016 0.020833
5 0.698242 0.506510 0.085938 0.028646
2 0.778320 0.603516 0.078125 0.058594
6 0.778320 0.604167 0.037109 0.020833
5 0.688477 0.558594 0.189453 0.052083
