4 0.500000 0.500000 0.880859 0.841146
6 0.099121 0.100911 0.090820 0.024740
3 0.500000 0.175130 0.126953 0.058594
6 0.500488 0.177083 0.049805 0.023438
0 0.272461 0.382812 0.107422 0.065104
6 0.272461 0.384115 0.048828 0.020833
0 0.499023 0.382812 0.107422 0.065104
6 0.499512 0.384115 0.051758 0.020833
0 0.725586 0.382812 0.107422 0.065104
6 0.725586 0.384115 0.046875 0.020833
5 0.386230 0.277995 0.237305 0.152344
5 0.498047 0.277344 0.019531 0.151042
5 0.612793 0.277344 0.235352 0.151042
5 0.385742 0.382812 0.121094 0.028646
5 0.612305 0.382161 0.121094 0.035156
1 0.500000 0.597005 0.117188 0.071615
6 0.500000 0.598307 0.052734 0.024740
5 0.386230 0.489583 0.237305 0.153646
5 0.499023 0.488281 0.021484 0.151042
5 0.612793 0.488932 0.235352 0.152344
