2 0.153125 0.496094 0.159375 0.085938
6 0.153125 0.496094 0.050000 0.023438
0 0.326562 0.519531 0.159375 0.085938
6 0.327344 0.519531 0.051562 0.023438
5 0.232031 0.504687 0.039062 0.043750
0 0.500000 0.517969 0.159375 0.085938
6 0.500000 0.517969 0.034375 0.023438
5 0.406250 0.516406 0.034375 0.035937
0 0.673438 0.514844 0.159375 0.085938
6 0.673438 0.514844 0.059375 0.023438
5 0.575781 0.526563 0.042188 0.040625
1 0.846875 0.503906 0.159375 0.085938
6 0.846875 0.503906 0.034375 0.023438
5 0.750781 0.515625 0.042188 0.040625
2 0.829688 0.624219 0.125000 0.070312
6 0.830469 0.625000 0.051562 0.025000
5 0.751563 0.567969 0.171875 0.057813
