2 0.156250 0.510833 0.150000 0.091667
6 0.156250 0.510833 0.030000 0.025000
0 0.327500 0.500833 0.150000 0.091667
6 0.327500 0.501667 0.050000 0.026667
5 0.241250 0.513333 0.032500 0.043333
0 0.498750 0.482500 0.150000 0.091667
6 0.499375 0.482500 0.041250 0.025000
5 0.411875 0.489167 0.028750 0.038333
0 0.670000 0.509167 0.150000 0.091667
6 0.670000 0.509167 0.047500 0.025000
5 0.587500 0.495000 0.032500 0.043333
1 0.841250 0.519167 0.150000 0.091667
6 0.841250 0.519167 0.045000 0.025000
5 0.755625 0.510833 0.026250 0.031667
4 0.498750 0.488333 0.872500 0.203333
6 0.106875 0.406667 0.103750 0.030000
