2 0.178125 0.476042 0.187500 0.114583
6 0.178906 0.476042 0.064062 0.031250
0 0.390625 0.532292 0.187500 0.114583
6 0.390625 0.532292 0.034375 0.031250
5 0.285938 0.503125 0.037500 0.077083
0 0.603125 0.480208 0.187500 0.114583
6 0.603125 0.480208 0.034375 0.031250
5 0.497656 0.505208 0.035937 0.072917
1 0.815625 0.498958 0.187500 0.114583
6 0.815625 0.498958 0.068750 0.031250
5 0.709375 0.489583 0.031250 0.045833
2 0.784375 0.665625 0.125000 0.093750
6 0.785156 0.666667 0.051562 0.033333
5 0.693750 0.590625 0.196875 0.077083
4 0.496875 0.550000 0.871875 0.387500
6 0.116406 0.381250 0.070312 0.037500
