2 0.156250 0.505833 0.150000 0.091667
6 0.156875 0.505833 0.058750 0.025000
0 0.327500 0.505833 0.150000 0.091667
6 0.328125 0.505833 0.058750 0.025000
5 0.241875 0.505833 0.026250 0.035000
0 0.498750 0.520833 0.150000 0.091667
6 0.498750 0.521667 0.050000 0.026667
5 0.410625 0.513333 0.031250 0.040000
0 0.670000 0.517500 0.150000 0.091667
6 0.670000 0.517500 0.027500 0.025000
5 0.583125 0.526667 0.028750 0.036667
1 0.841250 0.514167 0.150000 0.091667
6 0.841875 0.515000 0.038750 0.026667
5 0.755625 0.520833 0.026250 0.031667
