2 0.153125 0.505208 0.159375 0.114583
6 0.153125 0.505208 0.068750 0.031250
0 0.326562 0.530208 0.159375 0.114583
6 0.326562 0.530208 0.059375 0.031250
5 0.234375 0.516667 0.031250 0.045833
0 0.500000 0.484375 0.159375 0.114583
6 0.500000 0.484375 0.059375 0.031250
5 0.407813 0.506250 0.031250 0.066667
0 0.673438 0.528125 0.159375 0.114583
6 0.673438 0.529167 0.062500 0.033333
5 0.580469 0.505208 0.032813 0.064583
1 0.846875 0.501042 0.159375 0.114583
6 0.846875 0.501042 0.056250 0.031250
5 0.757812 0.513542 0.037500 0.047917
