2 0.153125 0.515625 0.159375 0.114583
6 0.153906 0.515625 0.048438 0.031250
0 0.326562 0.528125 0.159375 0.114583
6 0.326562 0.528125 0.034375 0.031250
5 0.234375 0.516667 0.031250 0.041667
0 0.500000 0.501042 0.159375 0.114583
6 0.500000 0.501042 0.059375 0.031250
5 0.401562 0.515625 0.043750 0.060417
0 0.673438 0.484375 0.159375 0.114583
6 0.673438 0.485417 0.062500 0.033333
5 0.575000 0.501042 0.043750 0.056250
1 0.846875 0.473958 0.159375 0.114583
6 0.847656 0.472917 0.026562 0.029167
5 0.754687 0.485417 0.037500 0.045833
2 0.829688 0.665625 0.125000 0.093750
6 0.830469 0.666667 0.051562 0.033333
5 0.751563 0.588542 0.171875 0.072917
