2 0.190000 0.484167 0.150000 0.091667
6 0.190000 0.484167 0.030000 0.025000
0 0.395000 0.482500 0.150000 0.091667
6 0.395625 0.482500 0.058750 0.025000
5 0.292500 0.475833 0.060000 0.041667
0 0.600000 0.517500 0.150000 0.091667
6 0.600625 0.518333 0.058750 0.026667
5 0.497500 0.499167 0.060000 0.051667
1 0.805000 0.517500 0.150000 0.091667
6 0.805625 0.518333 0.048750 0.026667
5 0.702500 0.515000 0.060000 0.040000
2 0.780000 0.632500 0.100000 0.075000
6 0.780625 0.633333 0.041250 0.026667
5 0.690000 0.573333 0.192500 0.063333
4 0.497500 0.540833 0.802500 0.308333
6 0.140000 0.406667 0.035000 0.030000
