2 0.153125 0.488542 0.159375 0.114583
6 0.153906 0.488542 0.048438 0.031250
0 0.326562 0.494792 0.159375 0.114583
6 0.327344 0.494792 0.039062 0.031250
5 0.234375 0.483333 0.031250 0.041667
0 0.500000 0.526042 0.159375 0.114583
6 0.500781 0.526042 0.039062 0.031250
5 0.421875 0.508333 0.043750 0.054167
0 0.673438 0.519792 0.159375 0.114583
6 0.674219 0.519792 0.039062 0.031250
5 0.582031 0.519792 0.029687 0.047917
1 0.846875 0.530208 0.159375 0.114583
6 0.846875 0.530208 0.034375 0.031250
5 0.769531 0.512500 0.039062 0.054167
2 0.829688 0.665625 0.125000 0.093750
6 0.830469 0.666667 0.051562 0.033333
5 0.751563 0.593750 0.171875 0.083333
