2 0.153125 0.517708 0.159375 0.114583
6 0.153125 0.517708 0.050000 0.031250
0 0.326562 0.469792 0.159375 0.114583
6 0.326562 0.469792 0.046875 0.031250
5 0.245312 0.492708 0.046875 0.068750
0 0.500000 0.473958 0.159375 0.114583
6 0.500000 0.475000 0.062500 0.033333
5 0.407031 0.479167 0.032813 0.041667
0 0.673438 0.471875 0.159375 0.114583
6 0.674219 0.471875 0.051562 0.031250
5 0.575781 0.469792 0.042188 0.056250
1 0.846875 0.473958 0.159375 0.114583
6 0.846875 0.473958 0.056250 0.031250
5 0.767188 0.458333 0.034375 0.050000
2 0.829688 0.665625 0.125000 0.093750
6 0.830469 0.666667 0.051562 0.033333
5 0.751563 0.592708 0.171875 0.081250
