2 0.166992 0.499349 0.117188 0.071615
6 0.167480 0.499349 0.030273 0.019531
0 0.333008 0.511068 0.117188 0.071615
6 0.333496 0.511719 0.045898 0.020833
5 0.250000 0.503255 0.052734 0.032552
0 0.499023 0.505859 0.117188 0.071615
6 0.499023 0.505859 0.029297 0.019531
5 0.416016 0.503906 0.052734 0.026042
0 0.665039 0.512370 0.117188 0.071615
6 0.665039 0.512370 0.042969 0.019531
5 0.582031 0.507161 0.052734 0.029948
1 0.831055 0.495443 0.117188 0.071615
6 0.831543 0.494792 0.016602 0.018229
5 0.748047 0.498047 0.052734 0.040365
2 0.811523 0.603516 0.078125 0.058594
6 0.812012 0.604167 0.032227 0.020833
5 0.738281 0.557943 0.156250 0.050781
