2 0.166992 0.507161 0.117188 0.071615
6 0.167480 0.507812 0.049805 0.020833
0 0.333008 0.511068 0.117188 0.071615
6 0.333496 0.511719 0.038086 0.020833
5 0.250000 0.509766 0.052734 0.029948
0 0.499023 0.499349 0.117188 0.071615
6 0.499512 0.500000 0.038086 0.020833
5 0.416016 0.500651 0.052734 0.032552
0 0.665039 0.490234 0.117188 0.071615
6 0.665039 0.490234 0.029297 0.019531
5 0.582031 0.490234 0.052734 0.037760
1 0.831055 0.499349 0.117188 0.071615
6 0.831055 0.499349 0.042969 0.019531
5 0.748047 0.496745 0.052734 0.027344
2 0.811523 0.603516 0.078125 0.058594
6 0.812012 0.604167 0.032227 0.020833
5 0.738281 0.557292 0.156250 0.049479
4 0.499023 0.533854 0.810547 0.236979
6 0.128418 0.430990 0.043945 0.023438
