2 0.178125 0.471875 0.187500 0.114583
6 0.178906 0.472917 0.079687 0.033333
0 0.390625 0.517708 0.187500 0.114583
6 0.391406 0.517708 0.048438 0.031250
5 0.286719 0.493750 0.035937 0.066667
0 0.603125 0.469792 0.187500 0.114583
6 0.603906 0.469792 0.073438 0.031250
5 0.502344 0.492708 0.042188 0.068750
1 0.815625 0.513542 0.187500 0.114583
6 0.815625 0.513542 0.056250 0.031250
5 0.714063 0.490625 0.040625 0.064583
2 0.784375 0.665625 0.125000 0.093750
6 0.785156 0.666667 0.051562 0.033333
5 0.693750 0.591667 0.196875 0.079167
