2 0.153125 0.528125 0.159375 0.114583
6 0.153906 0.528125 0.026562 0.031250
0 0.326562 0.526042 0.159375 0.114583
6 0.326562 0.526042 0.059375 0.031250
5 0.251563 0.515625 0.043750 0.056250
0 0.500000 0.494792 0.159375 0.114583
6 0.500781 0.494792 0.039062 0.031250
5 0.407813 0.509375 0.037500 0.052083
0 0.673438 0.498958 0.159375 0.114583
6 0.674219 0.500000 0.073438 0.033333
5 0.579688 0.488542 0.034375 0.039583
1 0.846875 0.486458 0.159375 0.114583
6 0.846875 0.486458 0.062500 0.031250
5 0.754687 0.492708 0.031250 0.039583
2 0.829688 0.665625 0.125000 0.093750
6 0.830469 0.666667 0.051562 0.033333
5 0.751563 0.594792 0.171875 0.085417
4 0.500000 0.555208 0.900000 0.377083
6 0.104688 0.391667 0.128125 0.037500
