2 0.153125 0.501042 0.159375 0.114583
6 0.153906 0.502083 0.079687 0.033333
0 0.326562 0.484375 0.159375 0.114583
6 0.327344 0.484375 0.051562 0.031250
5 0.229687 0.475000 0.040625 0.070833
0 0.500000 0.515625 0.159375 0.114583
6 0.500000 0.515625 0.034375 0.031250
5 0.407031 0.498958 0.032813 0.052083
0 0.673438 0.492708 0.159375 0.114583
6 0.674219 0.492708 0.051562 0.031250
5 0.576562 0.507292 0.040625 0.052083
1 0.846875 0.530208 0.159375 0.114583
6 0.846875 0.530208 0.068750 0.031250
5 0.751563 0.510417 0.043750 0.058333
2 0.829688 0.665625 0.125000 0.093750
6 0.830469 0.666667 0.051562 0.033333
5 0.751563 0.592708 0.171875 0.081250
