2 0.178125 0.500781 0.187500 0.085938
6 0.178906 0.500781 0.064062 0.023438
0 0.390625 0.521094 0.187500 0.085938
6 0.390625 0.521094 0.034375 0.023438
5 0.287500 0.508594 0.037500 0.039062
0 0.603125 0.478906 0.187500 0.085938
6 0.603906 0.478906 0.073438 0.023438
5 0.499219 0.499219 0.048438 0.057813
1 0.815625 0.491406 0.187500 0.085938
6 0.815625 0.491406 0.068750 0.023438
5 0.709375 0.489844 0.031250 0.039062
2 0.784375 0.624219 0.125000 0.070312
6 0.785156 0.625000 0.051562 0.025000
5 0.693750 0.567969 0.196875 0.057813
4 0.496875 0.535937 0.871875 0.293750
6 0.116406 0.407813 0.129688 0.028125
