2 0.153125 0.477344 0.159375 0.085938
6 0.153906 0.477344 0.064062 0.023438
0 0.326562 0.505469 0.159375 0.085938
6 0.326562 0.505469 0.046875 0.023438
5 0.242969 0.490625 0.032813 0.043750
0 0.500000 0.511719 0.159375 0.085938
6 0.500000 0.511719 0.046875 0.023438
5 0.420312 0.514844 0.034375 0.035937
0 0.673438 0.486719 0.159375 0.085938
6 0.673438 0.486719 0.059375 0.023438
5 0.581250 0.498437 0.031250 0.040625
1 0.846875 0.503906 0.159375 0.085938
6 0.847656 0.504687 0.060937 0.025000
5 0.760156 0.492969 0.039062 0.035937
4 0.500000 0.482812 0.900000 0.190625
6 0.105469 0.406250 0.098437 0.028125
