3 0.500000 0.146875 0.203125 0.093750
6 0.500781 0.145833 0.067187 0.033333
0 0.323437 0.412500 0.171875 0.104167
6 0.323437 0.414583 0.084375 0.033333
0 0.673438 0.412500 0.171875 0.104167
6 0.673438 0.413542 0.065625 0.031250
5 0.411719 0.277083 0.192188 0.175000
5 0.586719 0.277083 0.189062 0.175000
5 0.498437 0.411458 0.181250 0.035417
1 0.500000 0.688542 0.187500 0.114583
6 0.500781 0.687500 0.070312 0.037500
5 0.411719 0.547917 0.192188 0.175000
2 0.870313 0.678125 0.125000 0.093750
6 0.871094 0.678125 0.073438 0.031250
