4 0.500000 0.500000 0.881250 0.841667
6 0.121875 0.110417 0.128125 0.037500
3 0.500000 0.201042 0.203125 0.093750
6 0.500781 0.200000 0.101562 0.033333
0 0.256250 0.445833 0.171875 0.104167
6 0.257031 0.446875 0.060937 0.031250
0 0.498437 0.445833 0.171875 0.104167
6 0.498437 0.446875 0.062500 0.031250
0 0.740625 0.445833 0.171875 0.104167
6 0.740625 0.446875 0.053125 0.031250
5 0.378125 0.321875 0.259375 0.156250
5 0.495312 0.320833 0.031250 0.154167
5 0.620313 0.322917 0.256250 0.158333
5 0.377344 0.446875 0.073438 0.052083
5 0.619531 0.448958 0.073438 0.052083
1 0.500000 0.701042 0.187500 0.114583
6 0.500781 0.700000 0.076563 0.037500
5 0.378125 0.573958 0.259375 0.160417
5 0.495312 0.570833 0.046875 0.154167
2 0.832812 0.690625 0.118750 0.093750
6 0.832812 0.690625 0.037500 0.031250
