3 0.500000 0.110156 0.203125 0.070312
6 0.500781 0.110937 0.054688 0.028125
0 0.182812 0.359375 0.171875 0.078125
6 0.182812 0.360938 0.084375 0.025000
0 0.392188 0.359375 0.171875 0.078125
6 0.392188 0.360156 0.053125 0.023438
0 0.601562 0.359375 0.171875 0.078125
6 0.601562 0.360156 0.062500 0.023438
0 0.810937 0.359375 0.171875 0.078125
6 0.811719 0.360156 0.060937 0.023438
5 0.341406 0.232813 0.332813 0.181250
5 0.443750 0.232813 0.128125 0.181250
5 0.550781 0.232813 0.117188 0.181250
5 0.655469 0.232813 0.326562 0.181250
5 0.287500 0.357031 0.040625 0.039062
5 0.496875 0.353906 0.040625 0.035937
5 0.496875 0.359375 0.459375 0.050000
1 0.500000 0.616406 0.187500 0.085938
6 0.500781 0.615625 0.070312 0.028125
5 0.341406 0.485938 0.332813 0.181250
5 0.550000 0.485938 0.118750 0.181250
