4 0.500000 0.500000 0.881250 0.841667
6 0.122656 0.110417 0.070312 0.037500
3 0.500000 0.201042 0.203125 0.093750
6 0.500781 0.200000 0.067187 0.033333
0 0.210938 0.445833 0.159375 0.104167
6 0.211719 0.446875 0.057813 0.031250
0 0.401562 0.445833 0.159375 0.104167
6 0.401562 0.446875 0.062500 0.031250
0 0.592187 0.445833 0.159375 0.104167
6 0.592187 0.446875 0.053125 0.031250
0 0.782813 0.445833 0.159375 0.104167
6 0.782813 0.446875 0.065625 0.031250
5 0.355469 0.325000 0.304688 0.162500
5 0.450781 0.320833 0.114062 0.154167
5 0.546094 0.320833 0.107813 0.154167
5 0.641406 0.321875 0.298438 0.156250
5 0.305469 0.461458 0.035937 0.047917
5 0.496875 0.455208 0.034375 0.035417
5 0.496875 0.445833 0.415625 0.050000
1 0.500000 0.701042 0.187500 0.114583
6 0.500781 0.700000 0.076563 0.037500
5 0.355469 0.575000 0.304688 0.162500
5 0.546094 0.570833 0.107813 0.154167
5 0.641406 0.572917 0.298438 0.158333
2 0.832812 0.690625 0.118750 0.093750
6 0.833594 0.690625 0.048438 0.031250
