4 0.500000 0.500000 0.880000 0.840000
6 0.110625 0.105000 0.098750 0.030000
3 0.500000 0.187500 0.162500 0.075000
6 0.500625 0.186667 0.053750 0.026667
0 0.218750 0.413333 0.137500 0.083333
6 0.219375 0.414167 0.058750 0.025000
0 0.406250 0.413333 0.137500 0.083333
6 0.406875 0.414167 0.048750 0.025000
0 0.593750 0.413333 0.137500 0.083333
6 0.593750 0.414167 0.052500 0.025000
0 0.781250 0.413333 0.137500 0.083333
6 0.781875 0.414167 0.046250 0.025000
5 0.359375 0.300833 0.293750 0.158333
5 0.453125 0.298333 0.106250 0.153333
5 0.546875 0.298333 0.106250 0.153333
5 0.640625 0.300833 0.293750 0.158333
5 0.312500 0.408333 0.052500 0.036667
5 0.500000 0.410000 0.052500 0.043333
5 0.500000 0.411667 0.427500 0.036667
1 0.500000 0.647500 0.150000 0.091667
6 0.500625 0.648333 0.066250 0.033333
5 0.359375 0.528333 0.293750 0.153333
5 0.453125 0.528333 0.106250 0.153333
5 0.546875 0.528333 0.106250 0.153333
5 0.640625 0.530833 0.293750 0.158333
2 0.843750 0.639167 0.100000 0.075000
6 0.844375 0.640000 0.043750 0.026667
