4 0.500000 0.500000 0.881250 0.841667
6 0.122656 0.110417 0.070312 0.037500
3 0.500000 0.201042 0.203125 0.093750
6 0.500781 0.198958 0.035937 0.031250
0 0.210938 0.445833 0.159375 0.104167
6 0.211719 0.446875 0.060937 0.031250
0 0.401562 0.445833 0.159375 0.104167
6 0.402344 0.446875 0.057813 0.031250
0 0.592187 0.445833 0.159375 0.104167
6 0.592969 0.446875 0.073438 0.031250
0 0.782813 0.445833 0.159375 0.104167
6 0.782813 0.446875 0.062500 0.031250
5 0.355469 0.321875 0.304688 0.156250
5 0.450781 0.320833 0.114062 0.154167
5 0.546094 0.320833 0.107813 0.154167
5 0.641406 0.323958 0.298438 0.160417
5 0.306250 0.432292 0.034375 0.043750
5 0.496094 0.451042 0.035937 0.056250
1 0.500000 0.701042 0.187500 0.114583
6 0.500000 0.698958 0.034375 0.035417
5 0.355469 0.571875 0.304688 0.156250
5 0.450781 0.570833 0.114062 0.154167
5 0.546094 0.570833 0.107813 0.154167
5 0.641406 0.575000 0.298438 0.162500
2 0.832812 0.690625 0.118750 0.093750
6 0.832812 0.690625 0.050000 0.031250
