4 0.500000 0.500000 0.881250 0.881250
6 0.121875 0.082812 0.128125 0.028125
3 0.500000 0.150781 0.203125 0.070312
6 0.500781 0.150000 0.101562 0.025000
0 0.256250 0.384375 0.171875 0.078125
6 0.257031 0.385156 0.060937 0.023438
0 0.498437 0.384375 0.171875 0.078125
6 0.499219 0.385156 0.060937 0.023438
0 0.740625 0.384375 0.171875 0.078125
6 0.740625 0.385156 0.065625 0.023438
5 0.378125 0.265625 0.259375 0.165625
5 0.498437 0.265625 0.040625 0.165625
5 0.620313 0.265625 0.256250 0.165625
5 0.377344 0.386719 0.073438 0.032813
5 0.619531 0.384375 0.073438 0.040625
1 0.500000 0.625781 0.187500 0.085938
6 0.500000 0.625000 0.087500 0.028125
5 0.378125 0.503125 0.259375 0.165625
5 0.620313 0.503125 0.256250 0.165625
