3 0.500000 0.121745 0.126953 0.058594
6 0.500488 0.120443 0.022461 0.019531
0 0.203125 0.351562 0.107422 0.065104
6 0.203125 0.352214 0.033203 0.019531
0 0.400391 0.351562 0.107422 0.065104
6 0.400879 0.352214 0.038086 0.019531
0 0.597656 0.351562 0.107422 0.065104
6 0.598145 0.352214 0.038086 0.019531
0 0.794922 0.351562 0.107422 0.065104
6 0.794922 0.352214 0.041016 0.019531
5 0.351562 0.236979 0.306641 0.177083
5 0.450195 0.235026 0.109375 0.173177
5 0.548828 0.235026 0.107422 0.173177
5 0.647461 0.236328 0.304688 0.175781
5 0.301758 0.351562 0.091797 0.031250
5 0.499023 0.351562 0.091797 0.026042
5 0.499023 0.350911 0.486328 0.032552
1 0.500000 0.587891 0.117188 0.071615
6 0.500000 0.587240 0.054688 0.023438
5 0.450195 0.468099 0.109375 0.173177
5 0.647461 0.469401 0.304688 0.175781
