4 0.500000 0.500000 0.881250 0.881250
6 0.122656 0.082812 0.098437 0.028125
3 0.500000 0.150781 0.203125 0.070312
6 0.500781 0.150000 0.101562 0.025000
0 0.210938 0.384375 0.159375 0.078125
6 0.211719 0.385156 0.057813 0.023438
0 0.401562 0.384375 0.159375 0.078125
6 0.401562 0.385156 0.062500 0.023438
0 0.592187 0.384375 0.159375 0.078125
6 0.592187 0.385937 0.084375 0.025000
0 0.782813 0.384375 0.159375 0.078125
6 0.783594 0.385156 0.060937 0.023438
5 0.355469 0.266406 0.304688 0.167187
5 0.450781 0.265625 0.114062 0.165625
5 0.546094 0.265625 0.107813 0.165625
5 0.641406 0.265625 0.298438 0.165625
5 0.306250 0.382031 0.034375 0.029687
5 0.496094 0.385937 0.035937 0.034375
5 0.496875 0.383594 0.415625 0.032813
1 0.500000 0.625781 0.187500 0.085938
6 0.500781 0.625000 0.070312 0.028125
5 0.452344 0.503125 0.117188 0.165625
5 0.545312 0.503125 0.109375 0.165625
5 0.641406 0.504687 0.298438 0.168750
2 0.832812 0.617969 0.118750 0.070312
6 0.833594 0.618750 0.054688 0.025000
