4 0.500000 0.500000 0.881250 0.841667
6 0.121875 0.110417 0.128125 0.037500
3 0.500000 0.201042 0.203125 0.093750
6 0.500000 0.198958 0.028125 0.031250
0 0.210938 0.445833 0.159375 0.104167
6 0.211719 0.446875 0.073438 0.031250
0 0.401562 0.445833 0.159375 0.104167
6 0.401562 0.446875 0.062500 0.031250
0 0.592187 0.445833 0.159375 0.104167
6 0.592187 0.446875 0.065625 0.031250
0 0.782813 0.445833 0.159375 0.104167
6 0.783594 0.446875 0.060937 0.031250
5 0.355469 0.325000 0.304688 0.162500
5 0.450781 0.320833 0.114062 0.154167
5 0.546094 0.320833 0.107813 0.154167
5 0.641406 0.326042 0.298438 0.164583
5 0.304688 0.429167 0.037500 0.050000
5 0.496875 0.444792 0.034375 0.047917
5 0.496875 0.444792 0.415625 0.060417
1 0.500000 0.701042 0.187500 0.114583
6 0.500781 0.700000 0.070312 0.037500
5 0.450781 0.570833 0.114062 0.154167
5 0.546094 0.570833 0.107813 0.154167
5 0.641406 0.573958 0.298438 0.160417
