4 0.500000 0.500000 0.880000 0.840000
6 0.110625 0.105000 0.098750 0.030000
3 0.500000 0.187500 0.162500 0.075000
6 0.500625 0.185833 0.028750 0.025000
0 0.343750 0.413333 0.137500 0.083333
6 0.344375 0.414167 0.048750 0.025000
0 0.656250 0.413333 0.137500 0.083333
6 0.656250 0.414167 0.042500 0.025000
5 0.421875 0.298333 0.168750 0.153333
5 0.578125 0.298333 0.168750 0.153333
5 0.500000 0.413333 0.177500 0.036667
1 0.500000 0.647500 0.150000 0.091667
6 0.500625 0.648333 0.066250 0.033333
5 0.421875 0.528333 0.168750 0.153333
5 0.578125 0.528333 0.168750 0.153333
