3 0.500000 0.121745 0.126953 0.058594
6 0.500000 0.120443 0.017578 0.019531
0 0.203125 0.351562 0.107422 0.065104
6 0.203613 0.352214 0.038086 0.019531
0 0.400391 0.351562 0.107422 0.065104
6 0.400391 0.352865 0.052734 0.020833
0 0.597656 0.351562 0.107422 0.065104
6 0.598145 0.352214 0.045898 0.019531
0 0.794922 0.351562 0.107422 0.065104
6 0.795410 0.352214 0.036133 0.019531
5 0.351562 0.236328 0.306641 0.175781
5 0.449219 0.235026 0.111328 0.173177
5 0.548828 0.235026 0.107422 0.173177
5 0.647461 0.236328 0.304688 0.175781
5 0.301758 0.348958 0.091797 0.033854
5 0.499023 0.350260 0.091797 0.031250
5 0.499023 0.350911 0.486328 0.032552
1 0.500000 0.587891 0.117188 0.071615
6 0.500488 0.588542 0.051758 0.026042
5 0.351562 0.468099 0.306641 0.173177
5 0.450195 0.468099 0.109375 0.173177
5 0.548828 0.468099 0.107422 0.173177
5 0.647461 0.470052 0.304688 0.177083
2 0.896484 0.581380 0.078125 0.058594
6 0.896973 0.581380 0.030273 0.019531
