3 0.500000 0.110156 0.203125 0.070312
6 0.500000 0.108594 0.028125 0.023438
0 0.235937 0.359375 0.171875 0.078125
6 0.235937 0.360156 0.053125 0.023438
0 0.498437 0.359375 0.171875 0.078125
6 0.499219 0.360156 0.073438 0.023438
0 0.760938 0.359375 0.171875 0.078125
6 0.761719 0.360156 0.060937 0.023438
5 0.367969 0.233594 0.279687 0.182812
5 0.496875 0.232813 0.037500 0.181250
5 0.630469 0.233594 0.276562 0.182812
5 0.367188 0.362500 0.093750 0.040625
5 0.629687 0.357812 0.093750 0.028125
1 0.500000 0.616406 0.187500 0.085938
6 0.500781 0.615625 0.045312 0.028125
5 0.367969 0.486719 0.279687 0.182812
2 0.870313 0.608594 0.125000 0.070312
6 0.871094 0.608594 0.073438 0.023438
