4 0.500000 0.500000 0.880859 0.841146
6 0.098633 0.098958 0.048828 0.023438
3 0.500000 0.175130 0.126953 0.058594
6 0.500488 0.173828 0.022461 0.019531
0 0.227539 0.382812 0.107422 0.065104
6 0.228027 0.383464 0.036133 0.019531
0 0.409180 0.382812 0.107422 0.065104
6 0.409668 0.383464 0.038086 0.019531
0 0.590820 0.382812 0.107422 0.065104
6 0.590820 0.384115 0.052734 0.020833
0 0.772461 0.382812 0.107422 0.065104
6 0.772461 0.383464 0.033203 0.019531
5 0.363770 0.279948 0.282227 0.156250
5 0.454590 0.277344 0.100586 0.151042
5 0.545410 0.277344 0.100586 0.151042
5 0.636230 0.277995 0.282227 0.152344
5 0.318359 0.382161 0.076172 0.029948
5 0.500000 0.381510 0.076172 0.023438
1 0.500000 0.597005 0.117188 0.071615
6 0.500000 0.596354 0.054688 0.023438
5 0.454590 0.488281 0.100586 0.151042
5 0.545410 0.488281 0.100586 0.151042
