4 0.500000 0.500000 0.881250 0.881250
6 0.121875 0.082812 0.128125 0.028125
3 0.500000 0.150781 0.203125 0.070312
6 0.500781 0.150000 0.067187 0.025000
0 0.210938 0.384375 0.159375 0.078125
6 0.211719 0.385156 0.060937 0.023438
0 0.401562 0.384375 0.159375 0.078125
6 0.401562 0.385156 0.062500 0.023438
0 0.592187 0.384375 0.159375 0.078125
6 0.592969 0.385156 0.060937 0.023438
0 0.782813 0.384375 0.159375 0.078125
6 0.782813 0.385156 0.053125 0.023438
5 0.355469 0.265625 0.304688 0.165625
5 0.449219 0.265625 0.117188 0.165625
5 0.546094 0.265625 0.107813 0.165625
5 0.641406 0.267969 0.298438 0.170313
5 0.307812 0.376563 0.037500 0.028125
5 0.496875 0.390625 0.034375 0.025000
1 0.500000 0.625781 0.187500 0.085938
6 0.500781 0.626563 0.082812 0.031250
5 0.450781 0.503125 0.114062 0.165625
5 0.545312 0.503125 0.109375 0.165625
5 0.641406 0.504687 0.298438 0.168750
