3 0.500000 0.121745 0.126953 0.058594
6 0.500488 0.121745 0.049805 0.022135
0 0.203125 0.351562 0.107422 0.065104
6 0.203613 0.352214 0.045898 0.019531
0 0.400391 0.351562 0.107422 0.065104
6 0.400879 0.352214 0.038086 0.019531
0 0.597656 0.351562 0.107422 0.065104
6 0.597656 0.352214 0.039062 0.019531
0 0.794922 0.351562 0.107422 0.065104
6 0.795410 0.352214 0.036133 0.019531
5 0.351562 0.235026 0.306641 0.173177
5 0.450195 0.235026 0.109375 0.173177
5 0.548828 0.235026 0.107422 0.173177
5 0.647461 0.235677 0.304688 0.174479
5 0.301758 0.352865 0.091797 0.036458
5 0.499023 0.350911 0.091797 0.024740
5 0.499023 0.350911 0.486328 0.027344
1 0.500000 0.587891 0.117188 0.071615
6 0.500488 0.587240 0.043945 0.023438
5 0.351562 0.468750 0.306641 0.174479
5 0.450195 0.468099 0.109375 0.173177
5 0.548828 0.468099 0.107422 0.173177
5 0.647461 0.469401 0.304688 0.175781
2 0.896484 0.581380 0.078125 0.058594
6 0.896484 0.581380 0.023438 0.019531
