4 0.500000 0.500000 0.880859 0.841146
6 0.098633 0.098958 0.027344 0.023438
3 0.500000 0.175130 0.126953 0.058594
6 0.500488 0.175781 0.034180 0.023438
0 0.272461 0.382812 0.107422 0.065104
6 0.272461 0.383464 0.039062 0.019531
0 0.499023 0.382812 0.107422 0.065104
6 0.499512 0.383464 0.036133 0.019531
0 0.725586 0.382812 0.107422 0.065104
6 0.726074 0.383464 0.038086 0.019531
5 0.386230 0.277995 0.237305 0.152344
5 0.498535 0.277344 0.028320 0.151042
5 0.612793 0.277995 0.235352 0.152344
5 0.385742 0.382812 0.121094 0.028646
5 0.612305 0.382812 0.121094 0.026042
1 0.500000 0.597005 0.117188 0.071615
6 0.500488 0.597656 0.051758 0.026042
