4 0.500000 0.500000 0.881250 0.881250
6 0.122656 0.082812 0.070312 0.028125
3 0.500000 0.150781 0.203125 0.070312
6 0.500781 0.151562 0.054688 0.028125
0 0.337500 0.384375 0.171875 0.078125
6 0.338281 0.385156 0.060937 0.023438
0 0.660937 0.384375 0.171875 0.078125
6 0.661719 0.385156 0.057813 0.023438
5 0.418750 0.265625 0.178125 0.165625
5 0.580469 0.265625 0.176563 0.165625
5 0.499219 0.385156 0.154688 0.035937
1 0.500000 0.625781 0.187500 0.085938
6 0.500781 0.626563 0.104688 0.031250
5 0.418750 0.503125 0.178125 0.165625
5 0.580469 0.503125 0.176563 0.165625
2 0.832812 0.617969 0.118750 0.070312
6 0.833594 0.618750 0.054688 0.025000
