3 0.500000 0.146875 0.203125 0.093750
6 0.500781 0.147917 0.054688 0.037500
0 0.235937 0.412500 0.171875 0.104167
6 0.236719 0.413542 0.060937 0.031250
0 0.498437 0.412500 0.171875 0.104167
6 0.499219 0.413542 0.057813 0.031250
0 0.760938 0.412500 0.171875 0.104167
6 0.760938 0.413542 0.062500 0.031250
5 0.367969 0.278125 0.279687 0.177083
5 0.496875 0.277083 0.037500 0.175000
5 0.630469 0.278125 0.276562 0.177083
5 0.367188 0.408333 0.093750 0.045833
5 0.629687 0.415625 0.093750 0.052083
1 0.500000 0.688542 0.187500 0.114583
6 0.500781 0.687500 0.070312 0.037500
5 0.498437 0.547917 0.037500 0.175000
5 0.630469 0.550000 0.276562 0.179167
2 0.870313 0.678125 0.125000 0.093750
6 0.870313 0.678125 0.068750 0.031250
