3 0.500000 0.134167 0.162500 0.075000
6 0.500625 0.133333 0.053750 0.026667
0 0.193750 0.380000 0.137500 0.083333
6 0.193750 0.380833 0.050000 0.025000
0 0.396250 0.380000 0.137500 0.083333
6 0.396875 0.380833 0.048750 0.025000
0 0.598750 0.380000 0.137500 0.083333
6 0.598750 0.380833 0.042500 0.025000
0 0.801250 0.380000 0.137500 0.083333
6 0.801875 0.380833 0.048750 0.025000
5 0.346875 0.258333 0.318750 0.180000
5 0.448125 0.255000 0.116250 0.173333
5 0.549375 0.255000 0.111250 0.173333
5 0.650625 0.257500 0.313750 0.178333
5 0.295000 0.379167 0.067500 0.041667
5 0.497500 0.380833 0.067500 0.045000
5 0.497500 0.379167 0.472500 0.028333
1 0.500000 0.634167 0.150000 0.091667
6 0.500625 0.633333 0.061250 0.030000
5 0.346875 0.505833 0.318750 0.175000
5 0.448125 0.505000 0.116250 0.173333
5 0.650625 0.508333 0.313750 0.180000
