3 0.500000 0.121745 0.126953 0.058594
6 0.500488 0.121745 0.041992 0.022135
0 0.252930 0.351562 0.107422 0.065104
6 0.253418 0.352214 0.045898 0.019531
0 0.500000 0.351562 0.107422 0.065104
6 0.500488 0.352214 0.038086 0.019531
0 0.747070 0.351562 0.107422 0.065104
6 0.747559 0.352214 0.038086 0.019531
5 0.376465 0.235026 0.256836 0.173177
5 0.499512 0.235026 0.022461 0.173177
5 0.623535 0.235677 0.256836 0.174479
5 0.376465 0.351562 0.141602 0.033854
5 0.623535 0.350260 0.141602 0.033854
1 0.500000 0.587891 0.117188 0.071615
6 0.500488 0.587240 0.047852 0.023438
5 0.499512 0.468099 0.022461 0.173177
