4 0.500000 0.500000 0.881250 0.841667
6 0.121875 0.110417 0.128125 0.037500
3 0.500000 0.201042 0.203125 0.093750
6 0.500781 0.202083 0.054688 0.037500
0 0.337500 0.445833 0.171875 0.104167
6 0.338281 0.446875 0.073438 0.031250
0 0.660937 0.445833 0.171875 0.104167
6 0.661719 0.446875 0.057813 0.031250
5 0.418750 0.321875 0.178125 0.156250
5 0.580469 0.320833 0.176563 0.154167
5 0.499219 0.444792 0.154688 0.039583
1 0.500000 0.701042 0.187500 0.114583
6 0.500000 0.698958 0.034375 0.035417
5 0.580469 0.570833 0.176563 0.154167
