3 0.500000 0.146875 0.203125 0.093750
6 0.500781 0.147917 0.054688 0.037500
0 0.182812 0.412500 0.171875 0.104167
6 0.183594 0.413542 0.057813 0.031250
0 0.392188 0.412500 0.171875 0.104167
6 0.392188 0.413542 0.062500 0.031250
0 0.601562 0.412500 0.171875 0.104167
6 0.602344 0.413542 0.073438 0.031250
0 0.810937 0.412500 0.171875 0.104167
6 0.810937 0.413542 0.065625 0.031250
5 0.341406 0.281250 0.332813 0.183333
5 0.446094 0.277083 0.123438 0.175000
5 0.550781 0.277083 0.117188 0.175000
5 0.655469 0.278125 0.326562 0.177083
5 0.287500 0.416667 0.040625 0.045833
5 0.496875 0.418750 0.040625 0.050000
1 0.500000 0.688542 0.187500 0.114583
6 0.500000 0.687500 0.087500 0.037500
5 0.341406 0.553125 0.332813 0.185417
5 0.446094 0.547917 0.123438 0.175000
5 0.550781 0.547917 0.117188 0.175000
