3 0.500000 0.134167 0.162500 0.075000
6 0.500625 0.133333 0.053750 0.026667
0 0.245000 0.380000 0.137500 0.083333
6 0.245625 0.380833 0.058750 0.025000
0 0.498750 0.380000 0.137500 0.083333
6 0.498750 0.380833 0.050000 0.025000
0 0.752500 0.380000 0.137500 0.083333
6 0.753125 0.380833 0.046250 0.025000
5 0.372500 0.256667 0.267500 0.176667
5 0.497500 0.255000 0.037500 0.173333
5 0.626250 0.258333 0.265000 0.180000
5 0.371875 0.378333 0.118750 0.033333
5 0.625625 0.375833 0.118750 0.045000
1 0.500000 0.634167 0.150000 0.091667
6 0.500625 0.633333 0.061250 0.030000
2 0.883750 0.625833 0.100000 0.075000
6 0.884375 0.626667 0.063750 0.026667
