3 0.500000 0.134167 0.162500 0.075000
6 0.500625 0.132500 0.028750 0.025000
0 0.245000 0.380000 0.137500 0.083333
6 0.245625 0.380833 0.058750 0.025000
0 0.498750 0.380000 0.137500 0.083333
6 0.499375 0.380833 0.048750 0.025000
0 0.752500 0.380000 0.137500 0.083333
6 0.752500 0.380833 0.042500 0.025000
5 0.372500 0.255833 0.267500 0.175000
5 0.496875 0.255000 0.031250 0.173333
5 0.626250 0.255833 0.265000 0.175000
5 0.371875 0.377500 0.118750 0.038333
5 0.625625 0.380833 0.118750 0.041667
1 0.500000 0.634167 0.150000 0.091667
6 0.500625 0.633333 0.036250 0.030000
5 0.372500 0.505833 0.267500 0.175000
5 0.500000 0.505000 0.037500 0.173333
