3 0.500000 0.134167 0.162500 0.075000
6 0.500625 0.134167 0.063750 0.028333
0 0.330000 0.380000 0.137500 0.083333
6 0.330625 0.380833 0.046250 0.025000
0 0.668750 0.380000 0.137500 0.083333
6 0.669375 0.380833 0.048750 0.025000
5 0.415000 0.255000 0.182500 0.173333
5 0.584375 0.255000 0.181250 0.173333
5 0.499375 0.380000 0.203750 0.033333
1 0.500000 0.634167 0.150000 0.091667
6 0.500000 0.633333 0.070000 0.030000
5 0.584375 0.505000 0.181250 0.173333
2 0.883750 0.625833 0.100000 0.075000
6 0.884375 0.625833 0.021250 0.025000
