4 0.500000 0.500000 0.880000 0.840000
6 0.110000 0.105000 0.035000 0.030000
3 0.500000 0.187500 0.162500 0.075000
6 0.500625 0.187500 0.063750 0.028333
0 0.265000 0.413333 0.137500 0.083333
6 0.265625 0.414167 0.058750 0.025000
0 0.498750 0.413333 0.137500 0.083333
6 0.498750 0.414167 0.050000 0.025000
0 0.732500 0.413333 0.137500 0.083333
6 0.733125 0.414167 0.048750 0.025000
5 0.382500 0.300833 0.247500 0.158333
5 0.497500 0.298333 0.027500 0.153333
5 0.616250 0.300833 0.245000 0.158333
5 0.381875 0.412500 0.098750 0.031667
5 0.615625 0.411667 0.098750 0.036667
1 0.500000 0.647500 0.150000 0.091667
6 0.500625 0.648333 0.083750 0.033333
5 0.382500 0.529167 0.247500 0.155000
5 0.497500 0.528333 0.032500 0.153333
5 0.616250 0.528333 0.245000 0.153333
