4 0.500000 0.500000 0.880000 0.840000
6 0.110000 0.105000 0.062500 0.030000
3 0.500000 0.187500 0.162500 0.075000
6 0.500625 0.186667 0.081250 0.026667
0 0.265000 0.413333 0.137500 0.083333
6 0.265000 0.415000 0.067500 0.026667
0 0.498750 0.413333 0.137500 0.083333
6 0.499375 0.414167 0.046250 0.025000
0 0.732500 0.413333 0.137500 0.083333
6 0.732500 0.414167 0.052500 0.025000
5 0.382500 0.298333 0.247500 0.153333
5 0.498125 0.298333 0.028750 0.153333
5 0.616250 0.298333 0.245000 0.153333
5 0.381875 0.415000 0.098750 0.036667
5 0.615625 0.415000 0.098750 0.043333
1 0.500000 0.647500 0.150000 0.091667
6 0.500000 0.646667 0.070000 0.030000
5 0.382500 0.528333 0.247500 0.153333
5 0.616250 0.530000 0.245000 0.156667
