4 0.500000 0.500000 0.880000 0.840000
6 0.110625 0.105000 0.078750 0.030000
3 0.500000 0.187500 0.162500 0.075000
6 0.500625 0.188333 0.043750 0.030000
0 0.218750 0.413333 0.137500 0.083333
6 0.218750 0.414167 0.042500 0.025000
0 0.406250 0.413333 0.137500 0.083333
6 0.406250 0.414167 0.050000 0.025000
0 0.593750 0.413333 0.137500 0.083333
6 0.594375 0.414167 0.058750 0.025000
0 0.781250 0.413333 0.137500 0.083333
6 0.781875 0.414167 0.048750 0.025000
5 0.359375 0.301667 0.293750 0.160000
5 0.453125 0.298333 0.106250 0.153333
5 0.546875 0.298333 0.106250 0.153333
5 0.640625 0.300000 0.293750 0.156667
5 0.312500 0.403333 0.052500 0.040000
5 0.500000 0.415000 0.052500 0.033333
5 0.500000 0.413333 0.427500 0.043333
1 0.500000 0.647500 0.150000 0.091667
6 0.500625 0.648333 0.083750 0.033333
5 0.359375 0.529167 0.293750 0.155000
5 0.546875 0.528333 0.106250 0.153333
