4 0.500000 0.500000 0.881250 0.881250
6 0.122656 0.082812 0.129688 0.028125
3 0.500000 0.150781 0.203125 0.070312
6 0.500781 0.150000 0.067187 0.025000
0 0.210938 0.384375 0.159375 0.078125
6 0.211719 0.385156 0.060937 0.023438
0 0.401562 0.384375 0.159375 0.078125
6 0.401562 0.385937 0.084375 0.025000
0 0.592187 0.384375 0.159375 0.078125
6 0.592969 0.385156 0.060937 0.023438
0 0.782813 0.384375 0.159375 0.078125
6 0.783594 0.385156 0.057813 0.023438
5 0.355469 0.267188 0.304688 0.168750
5 0.450781 0.265625 0.114062 0.165625
5 0.546094 0.265625 0.107813 0.165625
5 0.641406 0.266406 0.298438 0.167187
5 0.306250 0.373437 0.034375 0.034375
5 0.496875 0.381250 0.034375 0.037500
5 0.496875 0.383594 0.415625 0.029687
1 0.500000 0.625781 0.187500 0.085938
6 0.500000 0.624219 0.034375 0.026562
5 0.355469 0.504687 0.304688 0.168750
5 0.545312 0.503125 0.109375 0.165625
