3 0.500000 0.121745 0.126953 0.058594
6 0.500488 0.121094 0.041992 0.020833
0 0.252930 0.351562 0.107422 0.065104
6 0.253418 0.352214 0.045898 0.019531
0 0.500000 0.351562 0.107422 0.065104
6 0.500488 0.352214 0.038086 0.019531
0 0.747070 0.351562 0.107422 0.065104
6 0.747070 0.352214 0.041016 0.019531
5 0.376465 0.235026 0.256836 0.173177
5 0.500000 0.235026 0.023438 0.173177
5 0.623535 0.236328 0.256836 0.175781
5 0.376465 0.351562 0.141602 0.028646
5 0.623535 0.350260 0.141602 0.036458
1 0.500000 0.587891 0.117188 0.071615
6 0.500488 0.587240 0.043945 0.023438
5 0.376465 0.468099 0.256836 0.173177
5 0.499512 0.468099 0.026367 0.173177
2 0.896484 0.581380 0.078125 0.058594
6 0.896973 0.581380 0.045898 0.019531
