4 0.500000 0.500000 0.881250 0.841667
6 0.121875 0.110417 0.078125 0.037500
3 0.500000 0.201042 0.203125 0.093750
6 0.500000 0.198958 0.037500 0.031250
0 0.210938 0.445833 0.159375 0.104167
6 0.211719 0.446875 0.060937 0.031250
0 0.401562 0.445833 0.159375 0.104167
6 0.402344 0.446875 0.060937 0.031250
0 0.592187 0.445833 0.159375 0.104167
6 0.592187 0.446875 0.062500 0.031250
0 0.782813 0.445833 0.159375 0.104167
6 0.783594 0.446875 0.073438 0.031250
5 0.355469 0.325000 0.304688 0.162500
5 0.450781 0.320833 0.114062 0.154167
5 0.546094 0.320833 0.107813 0.154167
5 0.641406 0.322917 0.298438 0.158333
5 0.306250 0.444792 0.034375 0.043750
5 0.496875 0.446875 0.034375 0.043750
1 0.500000 0.701042 0.187500 0.114583
6 0.500000 0.700000 0.087500 0.037500
5 0.355469 0.572917 0.304688 0.158333
5 0.450781 0.570833 0.114062 0.154167
5 0.546094 0.570833 0.107813 0.154167
