4 0.500000 0.500000 0.881250 0.881250
6 0.122656 0.082812 0.129688 0.028125
3 0.500000 0.150781 0.203125 0.070312
6 0.500781 0.149219 0.035937 0.023438
0 0.210938 0.384375 0.159375 0.078125
6 0.211719 0.385156 0.060937 0.023438
0 0.401562 0.384375 0.159375 0.078125
6 0.401562 0.385156 0.053125 0.023438
0 0.592187 0.384375 0.159375 0.078125
6 0.592969 0.385156 0.057813 0.023438
0 0.782813 0.384375 0.159375 0.078125
6 0.783594 0.385156 0.073438 0.023438
5 0.355469 0.266406 0.304688 0.167187
5 0.450781 0.265625 0.114062 0.165625
5 0.546875 0.265625 0.109375 0.165625
5 0.641406 0.267188 0.298438 0.168750
5 0.306250 0.377344 0.034375 0.026562
5 0.496875 0.380469 0.034375 0.035937
5 0.496875 0.382812 0.415625 0.031250
1 0.500000 0.625781 0.187500 0.085938
6 0.500781 0.625000 0.095312 0.028125
5 0.355469 0.505469 0.304688 0.170313
5 0.545312 0.503125 0.109375 0.165625
