3 0.500000 0.146875 0.203125 0.093750
6 0.500000 0.144792 0.037500 0.031250
0 0.323437 0.412500 0.171875 0.104167
6 0.323437 0.413542 0.053125 0.031250
0 0.673438 0.412500 0.171875 0.104167
6 0.674219 0.413542 0.060937 0.031250
5 0.411719 0.279167 0.192188 0.179167
5 0.586719 0.277083 0.189062 0.175000
5 0.498437 0.410417 0.181250 0.041667
1 0.500000 0.688542 0.187500 0.114583
6 0.500781 0.687500 0.070312 0.037500
5 0.411719 0.547917 0.192188 0.175000
2 0.870313 0.678125 0.125000 0.093750
6 0.871094 0.678125 0.026562 0.031250
