4 0.500000 0.500000 0.881250 0.841667
6 0.122656 0.110417 0.070312 0.037500
3 0.500000 0.201042 0.203125 0.093750
6 0.500781 0.200000 0.101562 0.033333
0 0.256250 0.445833 0.171875 0.104167
6 0.256250 0.446875 0.062500 0.031250
0 0.498437 0.445833 0.171875 0.104167
6 0.498437 0.446875 0.053125 0.031250
0 0.740625 0.445833 0.171875 0.104167
6 0.741406 0.446875 0.060937 0.031250
5 0.378125 0.321875 0.259375 0.156250
5 0.499219 0.320833 0.032813 0.154167
5 0.620313 0.320833 0.256250 0.154167
5 0.377344 0.453125 0.073438 0.047917
5 0.619531 0.441667 0.073438 0.045833
1 0.500000 0.701042 0.187500 0.114583
6 0.500781 0.700000 0.076563 0.037500
5 0.378125 0.573958 0.259375 0.160417
