3 0.500000 0.110156 0.203125 0.070312
6 0.500781 0.110156 0.079687 0.026562
0 0.182812 0.359375 0.171875 0.078125
6 0.183594 0.360156 0.060937 0.023438
0 0.392188 0.359375 0.171875 0.078125
6 0.392188 0.360156 0.065625 0.023438
0 0.601562 0.359375 0.171875 0.078125
6 0.602344 0.360156 0.057813 0.023438
0 0.810937 0.359375 0.171875 0.078125
6 0.811719 0.360156 0.060937 0.023438
5 0.341406 0.232813 0.332813 0.181250
5 0.446094 0.232813 0.123438 0.181250
5 0.550781 0.232813 0.117188 0.181250
5 0.655469 0.233594 0.326562 0.182812
5 0.287500 0.351562 0.040625 0.043750
5 0.496875 0.362500 0.040625 0.031250
5 0.496875 0.358594 0.459375 0.035937
1 0.500000 0.616406 0.187500 0.085938
6 0.500000 0.615625 0.087500 0.028125
5 0.341406 0.487500 0.332813 0.184375
5 0.446094 0.485938 0.123438 0.181250
