4 0.500000 0.500000 0.881250 0.841667
6 0.122656 0.110417 0.070312 0.037500
3 0.500000 0.201042 0.203125 0.093750
6 0.500781 0.201042 0.079687 0.035417
0 0.256250 0.445833 0.171875 0.104167
6 0.257031 0.446875 0.073438 0.031250
0 0.498437 0.445833 0.171875 0.104167
6 0.499219 0.446875 0.057813 0.031250
0 0.740625 0.445833 0.171875 0.104167
6 0.740625 0.446875 0.053125 0.031250
5 0.378125 0.325000 0.259375 0.162500
5 0.496094 0.320833 0.042188 0.154167
5 0.620313 0.320833 0.256250 0.154167
5 0.377344 0.450000 0.073438 0.050000
5 0.619531 0.443750 0.073438 0.037500
1 0.500000 0.701042 0.187500 0.114583
6 0.500781 0.702083 0.082812 0.041667
5 0.378125 0.571875 0.259375 0.156250
5 0.620313 0.573958 0.256250 0.160417
