3 0.500000 0.146875 0.203125 0.093750
6 0.500781 0.146875 0.067187 0.035417
0 0.235937 0.412500 0.171875 0.104167
6 0.235937 0.413542 0.053125 0.031250
0 0.498437 0.412500 0.171875 0.104167
6 0.498437 0.413542 0.065625 0.031250
0 0.760938 0.412500 0.171875 0.104167
6 0.760938 0.414583 0.084375 0.033333
5 0.367969 0.279167 0.279687 0.179167
5 0.497656 0.277083 0.039062 0.175000
5 0.630469 0.277083 0.276562 0.175000
5 0.367188 0.415625 0.093750 0.039583
5 0.629687 0.410417 0.093750 0.050000
1 0.500000 0.688542 0.187500 0.114583
6 0.500000 0.689583 0.065625 0.041667
5 0.367969 0.550000 0.279687 0.179167
5 0.497656 0.547917 0.042188 0.175000
5 0.630469 0.547917 0.276562 0.175000
