3 0.500000 0.110156 0.203125 0.070312
6 0.500781 0.110156 0.079687 0.026562
0 0.235937 0.359375 0.171875 0.078125
6 0.236719 0.360156 0.057813 0.023438
0 0.498437 0.359375 0.171875 0.078125
6 0.499219 0.360156 0.060937 0.023438
0 0.760938 0.359375 0.171875 0.078125
6 0.760938 0.360156 0.062500 0.023438
5 0.367969 0.232813 0.279687 0.181250
5 0.497656 0.232813 0.042188 0.181250
5 0.630469 0.232813 0.276562 0.181250
5 0.367188 0.360938 0.093750 0.034375
5 0.629687 0.357812 0.093750 0.034375
1 0.500000 0.616406 0.187500 0.085938
6 0.500781 0.615625 0.076563 0.028125
5 0.630469 0.485938 0.276562 0.181250
2 0.870313 0.608594 0.125000 0.070312
6 0.870313 0.608594 0.050000 0.023438
