3 0.500000 0.121745 0.126953 0.058594
6 0.500488 0.121094 0.063477 0.020833
0 0.203125 0.351562 0.107422 0.065104
6 0.203125 0.352214 0.039062 0.019531
0 0.400391 0.351562 0.107422 0.065104
6 0.400391 0.352214 0.041016 0.019531
0 0.597656 0.351562 0.107422 0.065104
6 0.597656 0.352214 0.033203 0.019531
0 0.794922 0.351562 0.107422 0.065104
6 0.795410 0.352214 0.038086 0.019531
5 0.351562 0.236979 0.306641 0.177083
5 0.450195 0.235026 0.109375 0.173177
5 0.548828 0.235026 0.107422 0.173177
5 0.647461 0.237630 0.304688 0.178385
5 0.301758 0.352214 0.091797 0.035156
5 0.499023 0.348958 0.091797 0.026042
5 0.499023 0.350911 0.486328 0.032552
1 0.500000 0.587891 0.117188 0.071615
6 0.500000 0.586589 0.021484 0.022135
5 0.351562 0.468099 0.306641 0.173177
5 0.450195 0.468099 0.109375 0.173177
5 0.548828 0.468099 0.107422 0.173177
5 0.647461 0.468750 0.304688 0.174479
2 0.896484 0.581380 0.078125 0.058594
6 0.896973 0.581380 0.016602 0.019531
