4 0.500000 0.500000 0.881250 0.881250
6 0.122656 0.082812 0.070312 0.028125
3 0.500000 0.150781 0.203125 0.070312
6 0.500781 0.150781 0.067187 0.026562
0 0.256250 0.384375 0.171875 0.078125
6 0.257031 0.385156 0.073438 0.023438
0 0.498437 0.384375 0.171875 0.078125
6 0.498437 0.385156 0.053125 0.023438
0 0.740625 0.384375 0.171875 0.078125
6 0.740625 0.385156 0.065625 0.023438
5 0.378125 0.266406 0.259375 0.167187
5 0.495312 0.265625 0.040625 0.165625
5 0.620313 0.266406 0.256250 0.167187
5 0.377344 0.384375 0.073438 0.034375
5 0.619531 0.383594 0.073438 0.035937
1 0.500000 0.625781 0.187500 0.085938
6 0.500000 0.626563 0.065625 0.031250
5 0.378125 0.503125 0.259375 0.165625
5 0.496875 0.503125 0.046875 0.165625
5 0.620313 0.503906 0.256250 0.167187
2 0.832812 0.617969 0.118750 0.070312
6 0.833594 0.617969 0.048438 0.023438
