4 0.500000 0.500000 0.880859 0.841146
6 0.099121 0.098958 0.043945 0.023438
3 0.500000 0.175130 0.126953 0.058594
6 0.500488 0.174479 0.041992 0.020833
0 0.272461 0.382812 0.107422 0.065104
6 0.272949 0.383464 0.036133 0.019531
0 0.499023 0.382812 0.107422 0.065104
6 0.499023 0.383464 0.041016 0.019531
0 0.725586 0.382812 0.107422 0.065104
6 0.725586 0.383464 0.033203 0.019531
5 0.386230 0.277995 0.237305 0.152344
5 0.499512 0.277344 0.018555 0.151042
5 0.612793 0.277995 0.235352 0.152344
5 0.385742 0.382161 0.121094 0.024740
5 0.612305 0.380859 0.121094 0.024740
1 0.500000 0.597005 0.117188 0.071615
6 0.500000 0.596354 0.054688 0.023438
5 0.386230 0.489583 0.237305 0.153646
5 0.498535 0.488281 0.022461 0.151042
5 0.612793 0.489583 0.235352 0.153646
2 0.856445 0.590495 0.078125 0.058594
6 0.856934 0.590495 0.045898 0.019531
