4 0.500000 0.500000 0.881250 0.841667
6 0.122656 0.110417 0.123438 0.037500
3 0.500000 0.201042 0.203125 0.093750
6 0.500000 0.198958 0.037500 0.031250
0 0.256250 0.445833 0.171875 0.104167
6 0.257031 0.446875 0.057813 0.031250
0 0.498437 0.445833 0.171875 0.104167
6 0.498437 0.446875 0.062500 0.031250
0 0.740625 0.445833 0.171875 0.104167
6 0.740625 0.446875 0.065625 0.031250
5 0.378125 0.325000 0.259375 0.162500
5 0.500000 0.320833 0.046875 0.154167
5 0.620313 0.322917 0.256250 0.158333
5 0.377344 0.445833 0.073438 0.041667
5 0.619531 0.448958 0.073438 0.052083
1 0.500000 0.701042 0.187500 0.114583
6 0.500781 0.700000 0.076563 0.037500
5 0.378125 0.571875 0.259375 0.156250
5 0.498437 0.570833 0.034375 0.154167
5 0.620313 0.573958 0.256250 0.160417
