4 0.500000 0.500000 0.881250 0.881250
6 0.121875 0.082812 0.078125 0.028125
3 0.500000 0.150781 0.203125 0.070312
6 0.500781 0.151562 0.054688 0.028125
0 0.337500 0.384375 0.171875 0.078125
6 0.337500 0.385937 0.084375 0.025000
0 0.660937 0.384375 0.171875 0.078125
6 0.661719 0.385156 0.057813 0.023438
5 0.418750 0.265625 0.178125 0.165625
5 0.580469 0.265625 0.176563 0.165625
5 0.499219 0.384375 0.154688 0.043750
1 0.500000 0.625781 0.187500 0.085938
6 0.500781 0.625000 0.045312 0.028125
5 0.418750 0.503125 0.178125 0.165625
5 0.580469 0.503125 0.176563 0.165625
