3 0.500000 0.121745 0.126953 0.058594
6 0.500488 0.121094 0.041992 0.020833
0 0.252930 0.351562 0.107422 0.065104
6 0.252930 0.352214 0.039062 0.019531
0 0.500000 0.351562 0.107422 0.065104
6 0.500488 0.352214 0.036133 0.019531
0 0.747070 0.351562 0.107422 0.065104
6 0.747070 0.352865 0.052734 0.020833
5 0.376465 0.235026 0.256836 0.173177
5 0.499512 0.235026 0.026367 0.173177
5 0.623535 0.235677 0.256836 0.174479
5 0.376465 0.350260 0.141602 0.036458
5 0.623535 0.350260 0.141602 0.023438
1 0.500000 0.587891 0.117188 0.071615
6 0.500000 0.586589 0.021484 0.022135
5 0.500977 0.468099 0.027344 0.173177
5 0.623535 0.469401 0.256836 0.175781
