3 0.500000 0.110156 0.203125 0.070312
6 0.500781 0.110156 0.079687 0.026562
0 0.182812 0.359375 0.171875 0.078125
6 0.182812 0.360156 0.053125 0.023438
0 0.392188 0.359375 0.171875 0.078125
6 0.392188 0.360938 0.084375 0.025000
0 0.601562 0.359375 0.171875 0.078125
6 0.602344 0.360156 0.060937 0.023438
0 0.810937 0.359375 0.171875 0.078125
6 0.811719 0.360156 0.060937 0.023438
5 0.341406 0.235156 0.332813 0.185938
5 0.445312 0.232813 0.125000 0.181250
5 0.550781 0.232813 0.117188 0.181250
5 0.655469 0.233594 0.326562 0.182812
5 0.287500 0.362500 0.040625 0.040625
5 0.496875 0.348438 0.040625 0.034375
5 0.496875 0.357812 0.459375 0.034375
1 0.500000 0.616406 0.187500 0.085938
6 0.500000 0.615625 0.087500 0.028125
5 0.341406 0.485938 0.332813 0.181250
5 0.550781 0.485938 0.117188 0.181250
