4 0.500000 0.500000 0.881250 0.881250
6 0.121875 0.082812 0.078125 0.028125
3 0.500000 0.150781 0.203125 0.070312
6 0.500781 0.150781 0.079687 0.026562
0 0.256250 0.384375 0.171875 0.078125
6 0.257031 0.385156 0.057813 0.023438
0 0.498437 0.384375 0.171875 0.078125
6 0.498437 0.385156 0.053125 0.023438
0 0.740625 0.384375 0.171875 0.078125
6 0.740625 0.385937 0.084375 0.025000
5 0.378125 0.266406 0.259375 0.167187
5 0.499219 0.265625 0.039062 0.165625
5 0.620313 0.265625 0.256250 0.165625
5 0.377344 0.382812 0.073438 0.028125
5 0.619531 0.387500 0.073438 0.028125
1 0.500000 0.625781 0.187500 0.085938
6 0.500000 0.624219 0.034375 0.026562
5 0.378125 0.503125 0.259375 0.165625
5 0.496875 0.503125 0.043750 0.165625
5 0.620313 0.503906 0.256250 0.167187
