3 0.500000 0.146875 0.203125 0.093750
6 0.500000 0.144792 0.028125 0.031250
0 0.235937 0.412500 0.171875 0.104167
6 0.236719 0.413542 0.057813 0.031250
0 0.498437 0.412500 0.171875 0.104167
6 0.498437 0.413542 0.065625 0.031250
0 0.760938 0.412500 0.171875 0.104167
6 0.761719 0.413542 0.060937 0.031250
5 0.367969 0.278125 0.279687 0.177083
5 0.499219 0.277083 0.039062 0.175000
5 0.630469 0.280208 0.276562 0.181250
5 0.367188 0.414583 0.093750 0.050000
5 0.629687 0.413542 0.093750 0.043750
1 0.500000 0.688542 0.187500 0.114583
6 0.500781 0.689583 0.082812 0.041667
5 0.367969 0.548958 0.279687 0.177083
2 0.870313 0.678125 0.125000 0.093750
6 0.871094 0.678125 0.026562 0.031250
