4 0.500000 0.500000 0.881250 0.881250
6 0.121875 0.082812 0.128125 0.028125
3 0.500000 0.150781 0.203125 0.070312
6 0.500781 0.149219 0.035937 0.023438
0 0.256250 0.384375 0.171875 0.078125
6 0.256250 0.385937 0.084375 0.025000
0 0.498437 0.384375 0.171875 0.078125
6 0.499219 0.385156 0.073438 0.023438
0 0.740625 0.384375 0.171875 0.078125
6 0.740625 0.385156 0.053125 0.023438
5 0.378125 0.265625 0.259375 0.165625
5 0.500000 0.265625 0.037500 0.165625
5 0.620313 0.265625 0.256250 0.165625
5 0.377344 0.383594 0.073438 0.032813
5 0.619531 0.382812 0.073438 0.043750
1 0.500000 0.625781 0.187500 0.085938
6 0.500781 0.625000 0.070312 0.028125
5 0.620313 0.503125 0.256250 0.165625
2 0.832812 0.617969 0.118750 0.070312
6 0.832812 0.617969 0.050000 0.023438
