3 0.500000 0.134167 0.162500 0.075000
6 0.500625 0.135000 0.043750 0.030000
0 0.193750 0.380000 0.137500 0.083333
6 0.193750 0.381667 0.067500 0.026667
0 0.396250 0.380000 0.137500 0.083333
6 0.396250 0.380833 0.042500 0.025000
0 0.598750 0.380000 0.137500 0.083333
6 0.599375 0.380833 0.046250 0.025000
0 0.801250 0.380000 0.137500 0.083333
6 0.801250 0.380833 0.052500 0.025000
5 0.346875 0.256667 0.318750 0.176667
5 0.448125 0.255000 0.116250 0.173333
5 0.549375 0.255000 0.111250 0.173333
5 0.650625 0.256667 0.313750 0.176667
5 0.295000 0.380833 0.067500 0.035000
5 0.497500 0.379167 0.067500 0.041667
5 0.497500 0.379167 0.472500 0.038333
1 0.500000 0.634167 0.150000 0.091667
6 0.500625 0.633333 0.076250 0.030000
5 0.650625 0.505833 0.313750 0.175000
