3 0.500000 0.110156 0.203125 0.070312
6 0.500781 0.109375 0.101562 0.025000
0 0.182812 0.359375 0.171875 0.078125
6 0.183594 0.360156 0.057813 0.023438
0 0.392188 0.359375 0.171875 0.078125
6 0.392969 0.360156 0.073438 0.023438
0 0.601562 0.359375 0.171875 0.078125
6 0.601562 0.360938 0.084375 0.025000
0 0.810937 0.359375 0.171875 0.078125
6 0.810937 0.360156 0.062500 0.023438
5 0.341406 0.232813 0.332813 0.181250
5 0.444531 0.232813 0.126562 0.181250
5 0.550781 0.232813 0.117188 0.181250
5 0.655469 0.235156 0.326562 0.185938
5 0.287500 0.364844 0.040625 0.032813
5 0.496875 0.365625 0.040625 0.043750
1 0.500000 0.616406 0.187500 0.085938
6 0.500781 0.615625 0.076563 0.028125
5 0.341406 0.486719 0.332813 0.182812
5 0.446094 0.485938 0.123438 0.181250
5 0.550781 0.485938 0.117188 0.181250
5 0.655469 0.487500 0.326562 0.184375
