4 0.500000 0.500000 0.881250 0.881250
6 0.121875 0.082812 0.128125 0.028125
3 0.500000 0.150781 0.203125 0.070312
6 0.500781 0.150000 0.067187 0.025000
0 0.256250 0.384375 0.171875 0.078125
6 0.256250 0.385156 0.062500 0.023438
0 0.498437 0.384375 0.171875 0.078125
6 0.499219 0.385156 0.060937 0.023438
0 0.740625 0.384375 0.171875 0.078125
6 0.741406 0.385156 0.073438 0.023438
5 0.378125 0.267188 0.259375 0.168750
5 0.496094 0.265625 0.032813 0.165625
5 0.620313 0.265625 0.256250 0.165625
5 0.377344 0.383594 0.073438 0.035937
5 0.619531 0.379688 0.073438 0.034375
1 0.500000 0.625781 0.187500 0.085938
6 0.500781 0.626563 0.082812 0.031250
5 0.378125 0.503125 0.259375 0.165625
5 0.497656 0.503125 0.035937 0.165625
5 0.620313 0.503906 0.256250 0.167187
2 0.832812 0.617969 0.118750 0.070312
6 0.833594 0.617969 0.073438 0.023438
