4 0.500000 0.500000 0.880859 0.841146
6 0.098633 0.098958 0.080078 0.023438
3 0.500000 0.175130 0.126953 0.058594
6 0.500488 0.175130 0.041992 0.022135
0 0.348633 0.382812 0.107422 0.065104
6 0.349121 0.383464 0.038086 0.019531
0 0.651367 0.382812 0.107422 0.065104
6 0.651367 0.383464 0.041016 0.019531
5 0.424316 0.277344 0.161133 0.151042
5 0.575684 0.277344 0.161133 0.151042
5 0.500000 0.382161 0.197266 0.027344
1 0.500000 0.597005 0.117188 0.071615
6 0.500488 0.596354 0.043945 0.023438
5 0.424316 0.488281 0.161133 0.151042
5 0.575684 0.488281 0.161133 0.151042
