3 0.500000 0.121745 0.126953 0.058594
6 0.500488 0.121745 0.049805 0.022135
0 0.203125 0.351562 0.107422 0.065104
6 0.203613 0.352214 0.045898 0.019531
0 0.400391 0.351562 0.107422 0.065104
6 0.400391 0.352865 0.052734 0.020833
0 0.597656 0.351562 0.107422 0.065104
6 0.598145 0.352214 0.036133 0.019531
0 0.794922 0.351562 0.107422 0.065104
6 0.794922 0.352214 0.033203 0.019531
5 0.351562 0.237630 0.306641 0.178385
5 0.450195 0.235026 0.109375 0.173177
5 0.548828 0.235026 0.107422 0.173177
5 0.647461 0.236979 0.304688 0.177083
5 0.301758 0.348958 0.091797 0.033854
5 0.499023 0.349609 0.091797 0.035156
1 0.500000 0.587891 0.117188 0.071615
6 0.500488 0.587240 0.043945 0.023438
5 0.548828 0.468099 0.107422 0.173177
5 0.647461 0.470052 0.304688 0.177083
2 0.896484 0.581380 0.078125 0.058594
6 0.896484 0.581380 0.042969 0.019531
