3 0.500000 0.110156 0.203125 0.070312
6 0.500781 0.110156 0.067187 0.026562
0 0.182812 0.359375 0.171875 0.078125
6 0.183594 0.360156 0.060937 0.023438
0 0.392188 0.359375 0.171875 0.078125
6 0.392188 0.360938 0.084375 0.025000
0 0.601562 0.359375 0.171875 0.078125
6 0.602344 0.360156 0.073438 0.023438
0 0.810937 0.359375 0.171875 0.078125
6 0.810937 0.360156 0.053125 0.023438
5 0.341406 0.235156 0.332813 0.185938
5 0.444531 0.232813 0.126562 0.181250
5 0.550781 0.232813 0.117188 0.181250
5 0.655469 0.232813 0.326562 0.181250
5 0.287500 0.368750 0.040625 0.031250
5 0.496875 0.364844 0.040625 0.032813
5 0.496875 0.358594 0.459375 0.035937
1 0.500000 0.616406 0.187500 0.085938
6 0.500781 0.615625 0.095312 0.028125
5 0.341406 0.487500 0.332813 0.184375
5 0.446875 0.485938 0.125000 0.181250
5 0.655469 0.485938 0.326562 0.181250
