4 0.500000 0.500000 0.881250 0.841667
6 0.122656 0.110417 0.123438 0.037500
3 0.500000 0.201042 0.203125 0.093750
6 0.500781 0.200000 0.101562 0.033333
0 0.337500 0.445833 0.171875 0.104167
6 0.337500 0.447917 0.084375 0.033333
0 0.660937 0.445833 0.171875 0.104167
6 0.661719 0.446875 0.060937 0.031250
5 0.418750 0.320833 0.178125 0.154167
5 0.580469 0.320833 0.176563 0.154167
5 0.499219 0.446875 0.154688 0.043750
1 0.500000 0.701042 0.187500 0.114583
6 0.500781 0.702083 0.082812 0.041667
5 0.418750 0.570833 0.178125 0.154167
5 0.580469 0.570833 0.176563 0.154167
2 0.832812 0.690625 0.118750 0.093750
6 0.833594 0.690625 0.048438 0.031250
