4 0.500000 0.500000 0.881250 0.841667
6 0.122656 0.110417 0.129688 0.037500
3 0.500000 0.201042 0.203125 0.093750
6 0.500000 0.198958 0.037500 0.031250
0 0.256250 0.445833 0.171875 0.104167
6 0.256250 0.446875 0.053125 0.031250
0 0.498437 0.445833 0.171875 0.104167
6 0.499219 0.446875 0.060937 0.031250
0 0.740625 0.445833 0.171875 0.104167
6 0.741406 0.446875 0.060937 0.031250
5 0.378125 0.320833 0.259375 0.154167
5 0.497656 0.320833 0.045312 0.154167
5 0.620313 0.321875 0.256250 0.156250
5 0.377344 0.440625 0.073438 0.035417
5 0.619531 0.440625 0.073438 0.043750
1 0.500000 0.701042 0.187500 0.114583
6 0.500781 0.702083 0.104688 0.041667
5 0.378125 0.572917 0.259375 0.158333
5 0.499219 0.570833 0.045312 0.154167
5 0.620313 0.572917 0.256250 0.158333
