3 0.500000 0.146875 0.203125 0.093750
6 0.500781 0.145833 0.067187 0.033333
0 0.235937 0.412500 0.171875 0.104167
6 0.236719 0.413542 0.060937 0.031250
0 0.498437 0.412500 0.171875 0.104167
6 0.498437 0.413542 0.065625 0.031250
0 0.760938 0.412500 0.171875 0.104167
6 0.761719 0.413542 0.057813 0.031250
5 0.367969 0.277083 0.279687 0.175000
5 0.495312 0.277083 0.031250 0.175000
5 0.630469 0.279167 0.276562 0.179167
5 0.367188 0.414583 0.093750 0.045833
5 0.629687 0.414583 0.093750 0.045833
1 0.500000 0.688542 0.187500 0.114583
6 0.500781 0.687500 0.045312 0.037500
5 0.367969 0.552083 0.279687 0.183333
5 0.630469 0.551042 0.276562 0.181250
2 0.870313 0.678125 0.125000 0.093750
6 0.871094 0.678125 0.048438 0.031250
