3 0.500000 0.110156 0.203125 0.070312
6 0.500000 0.108594 0.028125 0.023438
0 0.235937 0.359375 0.171875 0.078125
6 0.235937 0.360156 0.065625 0.023438
0 0.498437 0.359375 0.171875 0.078125
6 0.499219 0.360156 0.073438 0.023438
0 0.760938 0.359375 0.171875 0.078125
6 0.761719 0.360156 0.057813 0.023438
5 0.367969 0.232813 0.279687 0.181250
5 0.498437 0.232813 0.031250 0.181250
5 0.630469 0.232813 0.276562 0.181250
5 0.367188 0.360156 0.093750 0.029687
5 0.629687 0.357812 0.093750 0.040625
1 0.500000 0.616406 0.187500 0.085938
6 0.500781 0.615625 0.076563 0.028125
5 0.367969 0.485938 0.279687 0.181250
5 0.630469 0.485938 0.276562 0.181250
2 0.870313 0.608594 0.125000 0.070312
6 0.870313 0.608594 0.068750 0.023438
