3 0.500000 0.121745 0.126953 0.058594
6 0.500000 0.120443 0.023438 0.019531
0 0.334961 0.351562 0.107422 0.065104
6 0.334961 0.352214 0.039062 0.019531
0 0.664062 0.351562 0.107422 0.065104
6 0.664551 0.352214 0.045898 0.019531
5 0.417480 0.235026 0.174805 0.173177
5 0.582031 0.235026 0.173828 0.173177
5 0.499512 0.351562 0.223633 0.039062
1 0.500000 0.587891 0.117188 0.071615
6 0.500488 0.587240 0.028320 0.023438
5 0.417480 0.468099 0.174805 0.173177
2 0.896484 0.581380 0.078125 0.058594
6 0.896484 0.581380 0.042969 0.019531
