4 0.500000 0.500000 0.841797 0.789062
6 0.118652 0.125651 0.045898 0.024740
3 0.500000 0.236979 0.146484 0.065104
6 0.500000 0.236328 0.019531 0.022135
0 0.285156 0.405599 0.117188 0.071615
6 0.285645 0.404948 0.032227 0.020833
0 0.500000 0.405599 0.117188 0.071615
6 0.500488 0.404948 0.036133 0.020833
0 0.714844 0.405599 0.117188 0.071615
6 0.714844 0.404948 0.027344 0.020833
1 0.500000 0.587240 0.126953 0.078125
6 0.500488 0.587240 0.028320 0.023438
5 0.392578 0.322266 0.224609 0.110677
5 0.497559 0.319661 0.024414 0.105469
5 0.607422 0.322917 0.224609 0.111979
5 0.392578 0.497396 0.224609 0.117188
5 0.500977 0.494792 0.029297 0.111979
5 0.607422 0.497396 0.224609 0.117188
