4 0.500000 0.500000 0.840625 0.787500
6 0.142969 0.138542 0.132812 0.039583
3 0.500000 0.277083 0.234375 0.104167
6 0.500000 0.279167 0.081250 0.041667
0 0.268750 0.445833 0.184375 0.112500
6 0.268750 0.446875 0.065625 0.035417
0 0.500000 0.445833 0.184375 0.112500
6 0.500781 0.445833 0.057813 0.033333
0 0.731250 0.445833 0.184375 0.112500
6 0.731250 0.446875 0.068750 0.035417
1 0.500000 0.637500 0.203125 0.125000
6 0.500781 0.639583 0.104688 0.041667
5 0.384375 0.365625 0.246875 0.081250
5 0.486719 0.359375 0.042188 0.068750
5 0.615625 0.363542 0.246875 0.077083
5 0.384375 0.544792 0.246875 0.093750
5 0.501563 0.538542 0.040625 0.081250
5 0.615625 0.541667 0.246875 0.087500
2 0.792188 0.627083 0.140625 0.104167
6 0.792188 0.627083 0.078125 0.033333
5 0.772656 0.536458 0.126562 0.202083
