4 0.500000 0.500000 0.840625 0.787500
6 0.142969 0.138542 0.048438 0.039583
3 0.500000 0.277083 0.234375 0.104167
6 0.500781 0.276042 0.042188 0.035417
0 0.345313 0.445833 0.187500 0.112500
6 0.346094 0.445833 0.076563 0.033333
0 0.654687 0.445833 0.187500 0.112500
6 0.654687 0.445833 0.043750 0.033333
1 0.500000 0.637500 0.203125 0.125000
6 0.500000 0.636458 0.034375 0.035417
5 0.422656 0.364583 0.170313 0.079167
5 0.577344 0.365625 0.170313 0.081250
5 0.422656 0.543750 0.170313 0.091667
5 0.577344 0.542708 0.170313 0.089583
