4 0.500000 0.500000 0.840625 0.787500
6 0.142969 0.138542 0.139063 0.039583
3 0.500000 0.277083 0.234375 0.104167
6 0.500781 0.277083 0.079687 0.037500
0 0.268750 0.445833 0.184375 0.112500
6 0.269531 0.446875 0.079687 0.035417
0 0.500000 0.445833 0.184375 0.112500
6 0.500000 0.446875 0.068750 0.035417
0 0.731250 0.445833 0.184375 0.112500
6 0.732031 0.445833 0.064062 0.033333
1 0.500000 0.637500 0.203125 0.125000
6 0.500781 0.637500 0.095312 0.037500
5 0.384375 0.368750 0.246875 0.087500
5 0.495312 0.359375 0.034375 0.068750
5 0.615625 0.368750 0.246875 0.087500
5 0.384375 0.544792 0.246875 0.093750
5 0.501563 0.538542 0.034375 0.081250
5 0.615625 0.542708 0.246875 0.089583
