4 0.500000 0.500000 0.841797 0.789062
6 0.118652 0.125651 0.086914 0.024740
3 0.500000 0.236979 0.146484 0.065104
6 0.500488 0.236979 0.077148 0.023438
0 0.356445 0.405599 0.117188 0.071615
6 0.356934 0.404948 0.036133 0.020833
0 0.642578 0.405599 0.117188 0.071615
6 0.642578 0.405599 0.041016 0.022135
1 0.500000 0.587240 0.126953 0.078125
6 0.500000 0.586589 0.021484 0.022135
5 0.428223 0.320964 0.153320 0.108073
5 0.571289 0.320964 0.152344 0.108073
5 0.428223 0.494792 0.153320 0.111979
5 0.571289 0.494792 0.152344 0.111979
2 0.822266 0.580729 0.087891 0.065104
6 0.822754 0.580729 0.016602 0.020833
5 0.740234 0.492839 0.082031 0.188802
