4 0.500000 0.500000 0.840625 0.787500
6 0.142969 0.138542 0.142187 0.039583
3 0.500000 0.277083 0.234375 0.104167
6 0.500000 0.279167 0.081250 0.041667
0 0.268750 0.445833 0.184375 0.112500
6 0.268750 0.445833 0.065625 0.033333
0 0.500000 0.445833 0.184375 0.112500
6 0.500781 0.445833 0.057813 0.033333
0 0.731250 0.445833 0.184375 0.112500
6 0.731250 0.445833 0.053125 0.033333
1 0.500000 0.637500 0.203125 0.125000
6 0.500781 0.637500 0.076563 0.037500
5 0.384375 0.363542 0.246875 0.077083
5 0.500000 0.359375 0.040625 0.068750
5 0.615625 0.362500 0.246875 0.075000
5 0.384375 0.541667 0.246875 0.087500
5 0.491406 0.538542 0.042188 0.081250
5 0.615625 0.542708 0.246875 0.089583
