4 0.500000 0.500000 0.840000 0.786667
6 0.130625 0.132500 0.088750 0.031667
3 0.500000 0.256667 0.187500 0.083333
6 0.500625 0.255833 0.033750 0.028333
0 0.351250 0.425833 0.150000 0.091667
6 0.351250 0.425000 0.065000 0.026667
0 0.647500 0.425833 0.150000 0.091667
6 0.647500 0.425000 0.042500 0.026667
1 0.500000 0.611667 0.162500 0.100000
6 0.500000 0.611667 0.070000 0.030000
5 0.425625 0.340833 0.161250 0.091667
5 0.573750 0.340000 0.160000 0.090000
5 0.425625 0.516667 0.161250 0.096667
5 0.573750 0.518333 0.160000 0.100000
