4 0.500000 0.500000 0.841797 0.789062
6 0.118652 0.125651 0.083008 0.024740
3 0.500000 0.236979 0.146484 0.065104
6 0.500488 0.236328 0.026367 0.022135
0 0.285156 0.405599 0.117188 0.071615
6 0.285156 0.404948 0.027344 0.020833
0 0.500000 0.405599 0.117188 0.071615
6 0.500488 0.404948 0.032227 0.020833
0 0.714844 0.405599 0.117188 0.071615
6 0.715332 0.405599 0.049805 0.022135
1 0.500000 0.587240 0.126953 0.078125
6 0.500488 0.588542 0.051758 0.026042
5 0.392578 0.322266 0.224609 0.110677
5 0.499512 0.319661 0.022461 0.105469
5 0.607422 0.321615 0.224609 0.109375
5 0.392578 0.497396 0.224609 0.117188
5 0.500977 0.494792 0.029297 0.111979
5 0.607422 0.494792 0.224609 0.111979
2 0.822266 0.580729 0.087891 0.065104
6 0.822266 0.582031 0.037109 0.023438
5 0.774414 0.492839 0.027344 0.188802
