4 0.500000 0.500000 0.840000 0.786667
6 0.130625 0.132500 0.038750 0.031667
3 0.500000 0.256667 0.187500 0.083333
6 0.500625 0.256667 0.098750 0.030000
0 0.351250 0.425833 0.150000 0.091667
6 0.351250 0.425000 0.035000 0.026667
0 0.647500 0.425833 0.150000 0.091667
6 0.648125 0.425000 0.051250 0.026667
1 0.500000 0.611667 0.162500 0.100000
6 0.500625 0.611667 0.036250 0.030000
5 0.425625 0.341667 0.161250 0.093333
5 0.573750 0.341667 0.160000 0.093333
5 0.425625 0.518333 0.161250 0.100000
5 0.573750 0.518333 0.160000 0.100000
