4 0.500000 0.500000 0.841797 0.789062
6 0.118652 0.125651 0.086914 0.024740
3 0.500000 0.236979 0.146484 0.065104
6 0.500488 0.236979 0.049805 0.023438
0 0.356445 0.405599 0.117188 0.071615
6 0.356445 0.404948 0.050781 0.020833
0 0.642578 0.405599 0.117188 0.071615
6 0.643066 0.404948 0.032227 0.020833
1 0.500000 0.587240 0.126953 0.078125
6 0.500000 0.588542 0.041016 0.026042
5 0.428223 0.320312 0.153320 0.106771
5 0.571289 0.319661 0.152344 0.105469
5 0.428223 0.495443 0.153320 0.113281
5 0.571289 0.496094 0.152344 0.114583
