4 0.500000 0.500000 0.840625 0.840625
6 0.142969 0.103906 0.073438 0.029687
3 0.500000 0.207813 0.234375 0.078125
6 0.500781 0.207813 0.123438 0.028125
0 0.345313 0.397656 0.187500 0.085938
6 0.345313 0.397656 0.068750 0.026562
0 0.654687 0.397656 0.187500 0.085938
6 0.654687 0.397656 0.068750 0.026562
1 0.500000 0.603125 0.203125 0.093750
6 0.500000 0.603125 0.087500 0.028125
5 0.422656 0.302344 0.170313 0.117188
5 0.577344 0.301563 0.170313 0.115625
5 0.422656 0.499219 0.170313 0.123438
5 0.577344 0.498437 0.170313 0.121875
2 0.792188 0.595313 0.140625 0.078125
6 0.792969 0.595313 0.054688 0.025000
5 0.729688 0.496094 0.062500 0.214062
