4 0.500000 0.500000 0.840625 0.840625
6 0.142969 0.103906 0.132812 0.029687
3 0.500000 0.207813 0.234375 0.078125
6 0.500781 0.207031 0.042188 0.026562
0 0.268750 0.397656 0.184375 0.085938
6 0.268750 0.396875 0.065625 0.025000
0 0.500000 0.397656 0.184375 0.085938
6 0.500000 0.397656 0.068750 0.026562
0 0.731250 0.397656 0.184375 0.085938
6 0.732031 0.396875 0.057813 0.025000
1 0.500000 0.603125 0.203125 0.093750
6 0.500781 0.603125 0.076563 0.028125
5 0.384375 0.302344 0.246875 0.117188
5 0.498437 0.300781 0.040625 0.114062
5 0.615625 0.302344 0.246875 0.117188
5 0.384375 0.499219 0.246875 0.123438
5 0.499219 0.498437 0.045312 0.121875
5 0.615625 0.500000 0.246875 0.125000
