4 0.500000 0.500000 0.840625 0.787500
6 0.142969 0.138542 0.139063 0.039583
3 0.500000 0.277083 0.234375 0.104167
6 0.500000 0.276042 0.031250 0.035417
0 0.268750 0.445833 0.184375 0.112500
6 0.269531 0.445833 0.051562 0.033333
0 0.500000 0.445833 0.184375 0.112500
6 0.500000 0.446875 0.068750 0.035417
0 0.731250 0.445833 0.184375 0.112500
6 0.732031 0.445833 0.064062 0.033333
1 0.500000 0.637500 0.203125 0.125000
6 0.500000 0.636458 0.034375 0.035417
5 0.384375 0.363542 0.246875 0.077083
5 0.491406 0.359375 0.032813 0.068750
5 0.615625 0.365625 0.246875 0.081250
5 0.384375 0.541667 0.246875 0.087500
5 0.501563 0.538542 0.040625 0.081250
5 0.615625 0.544792 0.246875 0.093750
2 0.792188 0.627083 0.140625 0.104167
6 0.792969 0.627083 0.073438 0.033333
5 0.772656 0.536458 0.126562 0.202083
