4 0.500000 0.500000 0.840625 0.787500
6 0.142969 0.138542 0.110937 0.039583
3 0.500000 0.277083 0.234375 0.104167
6 0.500000 0.279167 0.071875 0.041667
0 0.345313 0.445833 0.187500 0.112500
6 0.346094 0.445833 0.057813 0.033333
0 0.654687 0.445833 0.187500 0.112500
6 0.654687 0.445833 0.065625 0.033333
1 0.500000 0.637500 0.203125 0.125000
6 0.500781 0.637500 0.076563 0.037500
5 0.422656 0.363542 0.170313 0.077083
5 0.577344 0.361458 0.170313 0.072917
5 0.422656 0.542708 0.170313 0.089583
5 0.577344 0.542708 0.170313 0.089583
