4 0.500000 0.500000 0.841797 0.789062
6 0.118652 0.125651 0.086914 0.024740
3 0.500000 0.236979 0.146484 0.065104
6 0.500488 0.236979 0.049805 0.023438
0 0.285156 0.405599 0.117188 0.071615
6 0.285156 0.404948 0.050781 0.020833
0 0.500000 0.405599 0.117188 0.071615
6 0.500488 0.404948 0.040039 0.020833
0 0.714844 0.405599 0.117188 0.071615
6 0.714844 0.404948 0.041016 0.020833
1 0.500000 0.587240 0.126953 0.078125
6 0.500488 0.588542 0.051758 0.026042
5 0.392578 0.322266 0.224609 0.110677
5 0.499512 0.319661 0.028320 0.105469
5 0.607422 0.320964 0.224609 0.108073
5 0.392578 0.497396 0.224609 0.117188
5 0.500000 0.494792 0.019531 0.111979
5 0.607422 0.497396 0.224609 0.117188
2 0.822266 0.580729 0.087891 0.065104
6 0.822266 0.582031 0.037109 0.023438
5 0.775391 0.492839 0.025391 0.188802
