4 0.500000 0.500000 0.841797 0.789062
6 0.118652 0.125651 0.045898 0.024740
3 0.500000 0.236979 0.146484 0.065104
6 0.500488 0.236328 0.026367 0.022135
0 0.356445 0.405599 0.117188 0.071615
6 0.356445 0.404948 0.027344 0.020833
0 0.642578 0.405599 0.117188 0.071615
6 0.642578 0.404948 0.041016 0.020833
1 0.500000 0.587240 0.126953 0.078125
6 0.500488 0.587240 0.047852 0.023438
5 0.428223 0.319661 0.153320 0.105469
5 0.571289 0.320312 0.152344 0.106771
5 0.428223 0.494792 0.153320 0.111979
5 0.571289 0.496094 0.152344 0.114583
2 0.822266 0.580729 0.087891 0.065104
6 0.822754 0.580729 0.032227 0.020833
5 0.739746 0.492839 0.081055 0.188802
