4 0.500000 0.500000 0.840000 0.786667
6 0.130000 0.132500 0.067500 0.031667
3 0.500000 0.256667 0.187500 0.083333
6 0.500000 0.258333 0.057500 0.033333
0 0.277500 0.425833 0.150000 0.091667
6 0.278125 0.425000 0.051250 0.026667
0 0.500000 0.425833 0.150000 0.091667
6 0.500000 0.425833 0.052500 0.028333
0 0.722500 0.425833 0.150000 0.091667
6 0.723125 0.425000 0.028750 0.026667
1 0.500000 0.611667 0.162500 0.100000
6 0.500625 0.611667 0.061250 0.030000
5 0.388750 0.342500 0.235000 0.095000
5 0.497500 0.339167 0.025000 0.088333
5 0.611250 0.343333 0.235000 0.096667
5 0.388750 0.519167 0.235000 0.101667
5 0.499375 0.516667 0.031250 0.096667
5 0.611250 0.518333 0.235000 0.100000
2 0.807500 0.603333 0.112500 0.083333
6 0.808125 0.603333 0.021250 0.026667
5 0.771875 0.514167 0.071250 0.195000
