4 0.500000 0.500000 0.840000 0.786667
6 0.130625 0.132500 0.111250 0.031667
3 0.500000 0.256667 0.187500 0.083333
6 0.500625 0.256667 0.098750 0.030000
0 0.351250 0.425833 0.150000 0.091667
6 0.351875 0.425000 0.046250 0.026667
0 0.647500 0.425833 0.150000 0.091667
6 0.647500 0.425000 0.042500 0.026667
1 0.500000 0.611667 0.162500 0.100000
6 0.500000 0.611667 0.070000 0.030000
5 0.425625 0.339167 0.161250 0.088333
5 0.573750 0.339167 0.160000 0.088333
5 0.425625 0.518333 0.161250 0.100000
5 0.573750 0.517500 0.160000 0.098333
2 0.807500 0.603333 0.112500 0.083333
6 0.808125 0.603333 0.043750 0.026667
5 0.738125 0.514167 0.036250 0.195000
