4 0.500000 0.500000 0.841797 0.789062
6 0.118652 0.125651 0.086914 0.024740
3 0.500000 0.236979 0.146484 0.065104
6 0.500488 0.236328 0.026367 0.022135
0 0.285156 0.405599 0.117188 0.071615
6 0.285645 0.405599 0.049805 0.022135
0 0.500000 0.405599 0.117188 0.071615
6 0.500000 0.404948 0.033203 0.020833
0 0.714844 0.405599 0.117188 0.071615
6 0.715332 0.405599 0.049805 0.022135
1 0.500000 0.587240 0.126953 0.078125
6 0.500488 0.587240 0.059570 0.023438
5 0.392578 0.322917 0.224609 0.111979
5 0.500488 0.319661 0.020508 0.105469
5 0.607422 0.321615 0.224609 0.109375
5 0.392578 0.498047 0.224609 0.118490
5 0.500000 0.494792 0.025391 0.111979
5 0.607422 0.497396 0.224609 0.117188
2 0.822266 0.580729 0.087891 0.065104
6 0.822266 0.581380 0.054688 0.022135
5 0.774414 0.492839 0.027344 0.188802
