4 0.500000 0.500000 0.840000 0.786667
6 0.130625 0.132500 0.038750 0.031667
3 0.500000 0.256667 0.187500 0.083333
6 0.500000 0.258333 0.065000 0.033333
0 0.277500 0.425833 0.150000 0.091667
6 0.278125 0.425000 0.051250 0.026667
0 0.500000 0.425833 0.150000 0.091667
6 0.500625 0.425833 0.063750 0.028333
0 0.722500 0.425833 0.150000 0.091667
6 0.722500 0.425000 0.042500 0.026667
1 0.500000 0.611667 0.162500 0.100000
6 0.500625 0.611667 0.036250 0.030000
5 0.388750 0.344167 0.235000 0.098333
5 0.497500 0.339167 0.035000 0.088333
5 0.611250 0.344167 0.235000 0.098333
5 0.388750 0.519167 0.235000 0.101667
5 0.496875 0.516667 0.031250 0.096667
5 0.611250 0.521667 0.235000 0.106667
