4 0.500000 0.500000 0.840625 0.787500
6 0.142969 0.138542 0.073438 0.039583
3 0.500000 0.277083 0.234375 0.104167
6 0.500781 0.276042 0.042188 0.035417
0 0.268750 0.445833 0.184375 0.112500
6 0.268750 0.446875 0.065625 0.035417
0 0.500000 0.445833 0.184375 0.112500
6 0.500000 0.445833 0.053125 0.033333
0 0.731250 0.445833 0.184375 0.112500
6 0.731250 0.445833 0.043750 0.033333
1 0.500000 0.637500 0.203125 0.125000
6 0.500000 0.636458 0.034375 0.035417
5 0.384375 0.361458 0.246875 0.072917
5 0.505469 0.359375 0.042188 0.068750
5 0.615625 0.365625 0.246875 0.081250
5 0.384375 0.542708 0.246875 0.089583
5 0.495312 0.538542 0.034375 0.081250
5 0.615625 0.542708 0.246875 0.089583
