4 0.500000 0.500000 0.840625 0.787500
6 0.142969 0.138542 0.048438 0.039583
3 0.500000 0.277083 0.234375 0.104167
6 0.500000 0.279167 0.071875 0.041667
0 0.268750 0.445833 0.184375 0.112500
6 0.269531 0.445833 0.035937 0.033333
0 0.500000 0.445833 0.184375 0.112500
6 0.500781 0.445833 0.064062 0.033333
0 0.731250 0.445833 0.184375 0.112500
6 0.732031 0.445833 0.051562 0.033333
1 0.500000 0.637500 0.203125 0.125000
6 0.500000 0.639583 0.065625 0.041667
5 0.384375 0.364583 0.246875 0.079167
5 0.501563 0.359375 0.034375 0.068750
5 0.615625 0.366667 0.246875 0.083333
5 0.384375 0.544792 0.246875 0.093750
5 0.503125 0.538542 0.040625 0.081250
5 0.615625 0.543750 0.246875 0.091667
2 0.792188 0.627083 0.140625 0.104167
6 0.792969 0.627083 0.026562 0.033333
5 0.771875 0.536458 0.128125 0.202083
