4 0.500000 0.500000 0.840625 0.787500
6 0.142969 0.138542 0.110937 0.039583
3 0.500000 0.277083 0.234375 0.104167
6 0.500781 0.277083 0.079687 0.037500
0 0.345313 0.445833 0.187500 0.112500
6 0.345313 0.445833 0.065625 0.033333
0 0.654687 0.445833 0.187500 0.112500
6 0.654687 0.446875 0.068750 0.035417
1 0.500000 0.637500 0.203125 0.125000
6 0.500781 0.637500 0.045312 0.037500
5 0.422656 0.361458 0.170313 0.072917
5 0.577344 0.365625 0.170313 0.081250
5 0.422656 0.540625 0.170313 0.085417
5 0.577344 0.542708 0.170313 0.089583
