4 0.500000 0.500000 0.840625 0.787500
6 0.142187 0.138542 0.084375 0.039583
3 0.500000 0.277083 0.234375 0.104167
6 0.500000 0.279167 0.100000 0.041667
0 0.345313 0.445833 0.187500 0.112500
6 0.345313 0.445833 0.053125 0.033333
0 0.654687 0.445833 0.187500 0.112500
6 0.655469 0.445833 0.057813 0.033333
1 0.500000 0.637500 0.203125 0.125000
6 0.500781 0.637500 0.076563 0.037500
5 0.422656 0.363542 0.170313 0.077083
5 0.577344 0.362500 0.170313 0.075000
5 0.422656 0.541667 0.170313 0.087500
5 0.577344 0.542708 0.170313 0.089583
2 0.792188 0.627083 0.140625 0.104167
6 0.792969 0.627083 0.026562 0.033333
5 0.730469 0.536458 0.060937 0.202083
