4 0.500000 0.500000 0.841797 0.789062
6 0.118652 0.125651 0.083008 0.024740
3 0.500000 0.236979 0.146484 0.065104
6 0.500488 0.236979 0.049805 0.023438
0 0.285156 0.405599 0.117188 0.071615
6 0.285156 0.404948 0.041016 0.020833
0 0.500000 0.405599 0.117188 0.071615
6 0.500000 0.404948 0.033203 0.020833
0 0.714844 0.405599 0.117188 0.071615
6 0.715332 0.404948 0.036133 0.020833
1 0.500000 0.587240 0.126953 0.078125
6 0.500488 0.587240 0.059570 0.023438
5 0.392578 0.322266 0.224609 0.110677
5 0.499023 0.319661 0.023438 0.105469
5 0.607422 0.322266 0.224609 0.110677
5 0.392578 0.496745 0.224609 0.115885
5 0.500000 0.494792 0.029297 0.111979
5 0.607422 0.496745 0.224609 0.115885
