4 0.500000 0.500000 0.841797 0.789062
6 0.118652 0.125651 0.088867 0.024740
3 0.500000 0.236979 0.146484 0.065104
6 0.500000 0.238281 0.044922 0.026042
0 0.356445 0.405599 0.117188 0.071615
6 0.356934 0.405599 0.049805 0.022135
0 0.642578 0.405599 0.117188 0.071615
6 0.643066 0.404948 0.022461 0.020833
1 0.500000 0.587240 0.126953 0.078125
6 0.500000 0.586589 0.021484 0.022135
5 0.428223 0.320964 0.153320 0.108073
5 0.571289 0.320312 0.152344 0.106771
5 0.428223 0.494792 0.153320 0.111979
5 0.571289 0.494792 0.152344 0.111979
2 0.822266 0.580729 0.087891 0.065104
6 0.822266 0.582031 0.037109 0.023438
5 0.739746 0.492839 0.081055 0.188802
