4 0.500000 0.500000 0.840625 0.787500
6 0.142187 0.138542 0.084375 0.039583
3 0.500000 0.277083 0.234375 0.104167
6 0.500781 0.277083 0.079687 0.037500
0 0.345313 0.445833 0.187500 0.112500
6 0.346094 0.445833 0.051562 0.033333
0 0.654687 0.445833 0.187500 0.112500
6 0.655469 0.445833 0.057813 0.033333
1 0.500000 0.637500 0.203125 0.125000
6 0.500000 0.639583 0.065625 0.041667
5 0.422656 0.362500 0.170313 0.075000
5 0.577344 0.363542 0.170313 0.077083
5 0.422656 0.540625 0.170313 0.085417
5 0.577344 0.541667 0.170313 0.087500
