4 0.500000 0.500000 0.840625 0.840625
6 0.142969 0.103906 0.139063 0.029687
3 0.500000 0.207813 0.234375 0.078125
6 0.500000 0.207031 0.031250 0.026562
0 0.345313 0.397656 0.187500 0.085938
6 0.345313 0.397656 0.068750 0.026562
0 0.654687 0.397656 0.187500 0.085938
6 0.654687 0.396875 0.065625 0.025000
1 0.500000 0.603125 0.203125 0.093750
6 0.500781 0.603125 0.045312 0.028125
5 0.422656 0.300781 0.170313 0.114062
5 0.577344 0.300781 0.170313 0.114062
5 0.422656 0.498437 0.170313 0.121875
5 0.577344 0.499219 0.170313 0.123438
