4 0.500000 0.500000 0.840625 0.787500
6 0.142187 0.138542 0.084375 0.039583
3 0.500000 0.277083 0.234375 0.104167
6 0.500781 0.276042 0.042188 0.035417
0 0.268750 0.445833 0.184375 0.112500
6 0.268750 0.445833 0.065625 0.033333
0 0.500000 0.445833 0.184375 0.112500
6 0.500000 0.445833 0.053125 0.033333
0 0.731250 0.445833 0.184375 0.112500
6 0.731250 0.446875 0.068750 0.035417
1 0.500000 0.637500 0.203125 0.125000
6 0.500781 0.637500 0.095312 0.037500
5 0.384375 0.364583 0.246875 0.079167
5 0.502344 0.359375 0.032813 0.068750
5 0.615625 0.366667 0.246875 0.083333
5 0.384375 0.544792 0.246875 0.093750
5 0.496094 0.538542 0.039062 0.081250
5 0.615625 0.544792 0.246875 0.093750
