4 0.500000 0.500000 0.840625 0.787500
6 0.142969 0.138542 0.110937 0.039583
3 0.500000 0.277083 0.234375 0.104167
6 0.500000 0.279167 0.071875 0.041667
0 0.268750 0.445833 0.184375 0.112500
6 0.268750 0.445833 0.065625 0.033333
0 0.500000 0.445833 0.184375 0.112500
6 0.500000 0.446875 0.065625 0.035417
0 0.731250 0.445833 0.184375 0.112500
6 0.731250 0.445833 0.053125 0.033333
1 0.500000 0.637500 0.203125 0.125000
6 0.500781 0.639583 0.082812 0.041667
5 0.384375 0.361458 0.246875 0.072917
5 0.501563 0.359375 0.040625 0.068750
5 0.615625 0.365625 0.246875 0.081250
5 0.384375 0.545833 0.246875 0.095833
5 0.494531 0.538542 0.048438 0.081250
5 0.615625 0.543750 0.246875 0.091667
2 0.792188 0.627083 0.140625 0.104167
6 0.792969 0.627083 0.073438 0.033333
5 0.772656 0.536458 0.126562 0.202083
