4 0.500000 0.500000 0.840000 0.786667
6 0.130625 0.132500 0.058750 0.031667
3 0.500000 0.256667 0.187500 0.083333
6 0.500000 0.255833 0.025000 0.028333
0 0.277500 0.425833 0.150000 0.091667
6 0.278125 0.425000 0.046250 0.026667
0 0.500000 0.425833 0.150000 0.091667
6 0.500625 0.425000 0.051250 0.026667
0 0.722500 0.425833 0.150000 0.091667
6 0.722500 0.425833 0.052500 0.028333
1 0.500000 0.611667 0.162500 0.100000
6 0.500625 0.613333 0.066250 0.033333
5 0.388750 0.342500 0.235000 0.095000
5 0.498125 0.339167 0.026250 0.088333
5 0.611250 0.342500 0.235000 0.095000
5 0.388750 0.518333 0.235000 0.100000
5 0.496250 0.516667 0.027500 0.096667
5 0.611250 0.520000 0.235000 0.103333
2 0.807500 0.603333 0.112500 0.083333
6 0.808125 0.603333 0.041250 0.026667
5 0.773125 0.514167 0.068750 0.195000
