4 0.500000 0.500000 0.841797 0.789062
6 0.118164 0.125651 0.052734 0.024740
3 0.500000 0.236979 0.146484 0.065104
6 0.500488 0.236979 0.077148 0.023438
0 0.285156 0.405599 0.117188 0.071615
6 0.285156 0.404948 0.050781 0.020833
0 0.500000 0.405599 0.117188 0.071615
6 0.500488 0.404948 0.032227 0.020833
0 0.714844 0.405599 0.117188 0.071615
6 0.715332 0.404948 0.022461 0.020833
1 0.500000 0.587240 0.126953 0.078125
6 0.500000 0.586589 0.021484 0.022135
5 0.392578 0.320312 0.224609 0.106771
5 0.499023 0.319661 0.021484 0.105469
5 0.607422 0.320312 0.224609 0.106771
5 0.392578 0.496094 0.224609 0.114583
5 0.499023 0.494792 0.019531 0.111979
5 0.607422 0.496745 0.224609 0.115885
2 0.822266 0.580729 0.087891 0.065104
6 0.822754 0.580729 0.024414 0.020833
5 0.774902 0.492839 0.024414 0.188802
