4 0.500000 0.500000 0.840625 0.840625
6 0.142969 0.103906 0.048438 0.029687
3 0.500000 0.207813 0.234375 0.078125
6 0.500000 0.207031 0.031250 0.026562
0 0.268750 0.397656 0.184375 0.085938
6 0.269531 0.396875 0.051562 0.025000
0 0.500000 0.397656 0.184375 0.085938
6 0.500781 0.396875 0.057813 0.025000
0 0.731250 0.397656 0.184375 0.085938
6 0.732031 0.396875 0.035937 0.025000
1 0.500000 0.603125 0.203125 0.093750
6 0.500000 0.602344 0.034375 0.026562
5 0.384375 0.301563 0.246875 0.115625
5 0.501563 0.300781 0.040625 0.114062
5 0.615625 0.300781 0.246875 0.114062
5 0.384375 0.499219 0.246875 0.123438
5 0.497656 0.498437 0.029687 0.121875
5 0.615625 0.500000 0.246875 0.125000
2 0.792188 0.595313 0.140625 0.078125
6 0.792188 0.595313 0.078125 0.025000
5 0.772656 0.496094 0.126562 0.214062
